60	181	295	320	321	377	393	394	947	
4	63	252	285	408	412	625	
181	320	379	389	394	628	
156	157	308	343	345	350	382	383	396	398	
82	83	121	283	366	372	594	693	
88	89	285	304	806	809	
115	165	753	860	900	978	
180	191	342	348	349	
23	27	33	35	878	
412	520	812	859	991	
115	436	437	438	
96	338	439	
376	397	632	719	
209	233	234	637	
131	211	411	646	
185	353	404	709	
69	81	509	713	
102	516	517	743	
134	340	521	766	
53	257	457	526	568	576	714	782	840	
340	419	445	848	
65	401	425	574	870	873	874	
114	333	417	895	
262	903	907	
81	189	222	911	
113	220	725	925	983	
24	27	953	997	
64	405	456	
86	290	620	
303	369	630	
159	209	631	
199	434	677	
107	702	932	
67	136	160	270	279	302	304	319	369	410	454	557	591	611	672	676	724	736	821	877	882	906	
322	335	794	
41	801	820	
72	163	541	641	652	748	821	934	
45	124	838	
290	567	843	
166	292	573	857	882	1000	
405	891	892	896	
466	893	971	
93	128	940	
21	260	467	550	647	728	885	966	
184	299	968	
242	599	927	977	
91	329	989	
2	56	58	59	63	194	305	845	865	
57	281	683	
50	71	84	162	217	288	432	433	
140	164	269	322	448	461	592	617	735	
70	372	431	594	
60	61	103	157	182	283	296	321	379	380	381	385	387	389	390	391	393	395	396	
28	30	37	229	721	
103	150	179	250	741	
13	66	90	91	108	110	111	112	258	329	375	469	474	476	477	478	514	
158	159	210	233	234	235	236	237	240	241	242	243	244	319	926	930	931	963	
5	55	718	
87	154	249	518	546	615	954	
66	90	108	112	375	469	474	477	478	
97	98	99	100	101	124	125	185	323	353	354	371	404	618	640	708	768	
2	3	4	6	193	194	195	803	826	832	859	990	1001	
158	210	237	241	243	926	927	930	931	963	
40	116	245	318	339	370	443	486	725	
272	563	584	
300	796	828	889	
306	326	723	733	825	923	
110	111	
74	177	215	222	248	297	309	311	316	341	905	
97	98	99	100	101	125	323	371	708	768	
51	167	206	751	
174	183	420	854	
640	937	
94	593	917	918	974	
54	55	56	57	58	59	126	131	132	137	138	208	252	271	281	305	481	520	552	685	698	738	809	949	
116	123	169	170	251	336	338	437	455	753	816	860	900	914	987	
129	172	256	365	802	
47	48	76	113	114	171	245	263	318	333	361	417	423	442	443	444	455	485	527	547	847	919	925	976	981	
61	150	179	182	231	296	378	385	387	388	390	392	395	
32	39	336	337	339	883	
126	137	208	286	634	635	812	
134	482	521	553	554	598	
7	44	62	249	365	833	856	
15	45	46	139	140	164	216	269	272	273	274	334	335	428	429	446	447	448	579	592	929	933	
143	328	357	514	
312	368	376	397	719	841	869	
104	250	368	392	528	588	644	
286	356	410	486	490	
17	18	218	226	248	297	307	317	696	
117	127	613	614	619	747	
87	280	493	909	
197	936	955	
498	504	525	913	967	
9	43	213	265	358	374	406	407	499	500	502	503	504	505	506	
106	357	454	
8	9	11	12	19	141	161	213	247	293	358	441	452	506	510	525	566	570	573	661	666	700	707	754	823	856	957	
381	391	426	572	776	
141	362	421	466	487	488	496	529	922	
31	123	133	135	136	151	169	170	251	337	361	370	464	914	
282	559	596	687	769	
617	618	662	
15	46	428	429	446	447	579	676	
38	278	722	
409	545	785	
301	307	445	818	857	
300	355	739	828	889	
493	522	523	563	829	
511	681	682	
80	230	866	880	
20	92	885	887	
325	327	945	
261	470	986	
264	266	332	374	500	501	569	608	699	720	804	
47	48	263	423	424	444	527	547	847	976	981	
104	130	384	388	
138	815	845	880	921	949	
75	268	313	328	341	386	560	
36	75	76	119	135	261	470	485	655	
7	12	19	161	247	264	265	267	359	452	566	569	570	661	674	700	707	823	
359	360	913	951	957	
16	105	145	489	518	771	
168	172	176	200	232	275	399	413	426	440	450	457	458	515	526	542	562	840	
23	24	25	26	28	29	30	31	32	33	34	35	36	37	38	39	40	151	165	438	545	588	590	
0	17	73	85	218	221	223	226	268	309	310	313	314	317	
266	324	565	608	720	754	804	
142	145	373	552	571	
77	78	79	497	531	539	811	
122	149	178	351	575	656	851	
88	89	612	699	726	791	924	
54	132	192	303	807	
14	292	1000	
256	450	534	544	813	
139	273	422	461	819	
102	192	193	195	408	516	517	533	586	738	803	826	
25	494	662	690	
43	406	407	499	502	505	
168	291	399	403	413	458	542	543	
236	238	587	832	
16	42	105	144	152	153	212	254	255	284	355	356	364	453	471	472	473	513	610	638	642	654	932	
49	70	71	152	186	217	288	431	433	
270	515	611	
118	279	
559	769	
230	481	898	920	
41	51	94	95	128	167	196	197	198	199	200	201	204	205	206	207	593	776	908	917	918	
144	186	212	254	492	615	
8	430	501	672	765	912	956	
3	174	175	532	665	685	
601	665	886	
68	184	187	188	418	480	508	549	550	582	663	667	671	679	710	747	
22	49	50	153	155	173	612	643	
267	430	510	558	565	674	
246	293	298	649	765	912	
42	284	642	
68	80	187	188	460	508	551	663	679	
544	585	600	706	
540	710	952	
363	364	384	577	757	
180	207	214	278	343	345	346	347	350	351	352	681	
275	654	789	835	
190	253	287	418	459	467	
596	597	651	
203	277	289	294	829	
143	484	714	
10	173	259	260	327	400	535	728	777	
10	29	535	553	554	777	
1	85	225	314	726	
77	78	79	310	497	531	539	548	581	
451	487	496	529	558	
130	277	280	289	621	781	
589	671	690	
257	276	568	
95	196	198	201	202	203	204	562	623	
122	149	176	178	344	352	380	656	
67	120	146	779	
306	326	530	538	723	733	
362	367	666	951	
229	287	298	299	536	551	601	800	
564	589	607	686	
148	224	225	312	331	402	468	756	
235	244	422	810	
147	154	435	616	647	
363	367	577	578	757	980	
26	171	590	953	
484	572	694	822	936	939	
72	163	259	311	524	
378	453	490	491	548	745	816	892	
214	291	294	346	543	
1	602	616	
219	483	556	727	
147	228	315	349	489	528	644	695	
495	541	641	669	748	783	946	
246	441	649	729	
156	414	645	697	
148	221	224	468	730	
227	253	315	495	519	537	607	
22	127	686	
73	223	330	464	483	556	
614	742	756	
332	585	706	813	836	
52	621	781	
69	325	509	958	962	
274	400	480	492	627	678	
262	344	347	814	
462	463	561	586	701	
0	120	146	758	
271	717	788	
53	403	465	667	
605	797	851	
427	624	651	950	
20	715	799	
18	415	697	852	
255	401	712	995	
