60	181	295	320	321	377	393	394	947	
4	63	252	285	408	412	625	
181	320	379	389	394	628	
157	178	179	180	214	278	284	343	345	346	347	350	351	352	483	681	851	
82	83	121	283	366	372	594	693	
88	89	285	304	806	809	
115	165	753	860	900	978	
180	191	342	348	349	
23	27	33	35	878	
412	520	812	859	991	
115	436	437	438	
96	115	338	439	
376	397	632	719	
209	233	234	637	
131	211	411	646	
185	353	404	709	
69	81	509	713	
102	516	517	743	
134	340	521	766	
168	172	257	275	280	291	399	401	403	413	426	450	457	458	493	515	526	542	543	544	562	568	585	600	714	813	817	840	
340	419	445	848	
65	401	425	870	874	
114	333	417	895	
262	903	907	
81	189	222	911	
40	47	48	76	113	114	171	245	263	318	333	361	370	417	423	442	443	444	455	485	527	547	847	919	925	976	981	
24	27	953	997	
64	405	456	
86	290	620	
303	369	630	
159	209	631	
199	434	677	
107	702	932	
88	89	160	252	303	304	369	630	
322	335	794	
41	801	820	
16	17	23	28	41	42	46	58	63	80	81	87	105	114	115	128	137	145	147	152	153	154	163	165	169	170	173	174	180	184	187	209	210	212	222	223	226	233	249	252	253	254	255	256	269	280	283	290	300	303	314	329	333	340	351	355	356	357	363	365	367	371	375	393	404	405	422	427	474	490	492	495	518	531	607	612	615	828	859	892	896	932	
45	124	838	
290	567	843	
166	206	292	918	1000	
405	891	892	
466	893	971	
93	128	940	
20	21	728	885	887	
184	299	968	
158	159	209	210	233	234	235	236	237	240	241	242	243	244	319	926	927	930	931	963	
91	329	989	
2	56	58	59	63	194	305	412	845	865	
57	131	281	285	305	412	683	
49	50	70	71	84	152	162	217	288	431	432	433	612	
15	45	46	139	140	164	216	269	272	273	274	322	334	335	428	429	446	447	448	461	579	592	929	933	
49	50	70	71	152	217	288	431	432	433	612	
60	61	103	104	150	157	179	181	182	250	283	296	320	321	368	376	378	379	380	381	385	387	388	389	390	391	392	393	394	395	396	397	
27	28	30	37	229	721	
103	150	179	250	741	
13	66	90	91	108	110	111	112	143	258	328	329	357	375	469	474	476	477	478	514	
158	159	209	210	233	234	235	236	237	240	241	242	243	244	319	926	927	930	931	963	
5	55	56	63	281	305	718	
87	154	249	518	546	615	954	
66	90	91	108	110	112	143	328	329	357	375	469	474	476	477	478	514	
97	98	99	100	101	124	125	185	323	353	354	371	404	618	640	662	708	768	
2	3	4	6	54	55	56	57	58	59	63	89	126	131	132	137	138	174	192	193	194	195	208	252	271	281	285	286	305	408	412	481	520	552	586	685	698	738	803	809	812	826	832	845	859	880	949	990	
158	159	209	210	233	234	235	236	237	240	241	242	243	244	319	926	927	930	931	963	
40	47	48	76	113	114	171	245	263	318	333	361	370	417	423	442	443	444	455	485	527	547	847	919	925	976	981	
272	290	563	584	
300	375	405	828	889	
306	326	723	733	825	923	
66	90	91	108	110	111	112	143	328	329	357	375	469	474	476	477	478	514	
0	1	17	18	73	74	85	177	215	218	221	222	223	225	226	248	268	297	307	309	310	311	312	313	314	316	317	341	696	905	
97	98	99	100	101	124	125	185	323	353	354	371	404	618	640	662	708	768	
41	51	128	167	206	751	
63	174	183	252	285	420	854	
97	98	99	100	101	124	125	185	323	353	354	371	404	618	640	662	708	768	
87	94	128	593	917	918	974	
2	3	4	54	55	56	57	58	59	63	89	126	131	132	137	138	174	192	193	194	195	208	252	271	281	285	286	303	305	408	412	481	520	552	586	685	698	738	803	809	812	826	832	845	859	880	949	990	
23	26	27	28	29	30	31	32	35	40	113	115	116	123	135	136	151	165	169	170	251	261	336	337	338	339	361	417	437	438	455	753	816	860	900	914	987	
129	172	256	365	802	
40	47	48	76	113	114	171	245	263	318	333	361	370	417	423	442	443	444	455	485	527	547	847	919	925	976	981	
60	61	103	104	150	157	179	181	182	231	250	283	296	320	321	368	376	378	379	380	381	385	387	388	389	390	391	392	393	394	395	396	397	
23	24	25	26	27	28	29	30	31	32	33	34	35	36	37	38	39	40	47	48	76	113	114	115	116	135	136	151	165	169	170	171	245	251	261	263	318	333	338	339	361	367	370	417	423	437	438	442	443	444	455	485	545	547	588	590	847	925	976	981	
2	3	4	54	55	56	57	58	59	63	89	126	131	132	137	138	174	192	193	194	195	208	252	271	281	285	286	303	305	408	412	481	520	552	586	634	685	698	738	803	809	812	826	832	845	859	880	949	990	
134	340	482	521	553	554	598	766	
7	44	62	249	365	833	856	
15	45	46	139	140	164	216	269	272	273	274	322	334	335	428	429	446	447	448	461	579	592	929	933	
66	90	91	108	112	143	328	329	357	375	469	474	476	477	478	514	
179	181	182	376	397	632	719	841	869	
60	61	103	104	150	157	179	181	182	250	283	296	320	321	368	376	378	379	380	381	385	387	388	389	390	391	392	393	394	395	396	397	
286	329	356	410	486	490	
0	1	17	18	73	85	218	221	222	223	225	226	248	268	297	307	309	310	311	312	313	314	317	341	696	
105	117	127	163	243	288	613	614	619	747	756	
87	209	280	303	493	909	
94	128	197	205	593	936	955	
498	504	525	913	967	
7	8	9	12	19	141	161	213	247	264	265	266	267	332	358	359	374	406	407	441	452	466	499	500	502	504	506	510	525	529	566	569	570	573	608	661	674	699	700	707	720	754	823	856	
106	357	454	
7	8	9	11	12	19	141	161	213	247	264	265	266	267	332	358	359	374	406	407	441	452	466	499	500	502	504	506	510	525	529	566	569	570	573	602	608	661	666	674	699	700	707	720	754	823	856	
41	51	94	95	128	167	196	197	198	199	200	201	204	205	206	207	593	776	908	917	918	
7	8	9	12	19	141	161	213	247	264	265	266	267	332	358	359	374	406	407	421	441	452	466	499	500	502	504	506	510	525	529	566	569	570	573	608	661	674	699	700	707	720	754	823	856	913	922	
23	24	25	26	27	28	29	30	31	32	33	34	35	36	37	38	39	40	47	48	76	113	114	115	116	133	135	136	151	165	169	170	171	245	251	261	263	318	333	338	339	361	367	370	417	423	437	438	442	443	444	455	485	545	547	588	590	847	925	976	981	
249	282	283	363	518	559	577	769	
97	98	99	100	101	124	125	185	323	353	354	371	404	618	640	662	708	768	
15	45	46	139	140	164	216	269	272	273	274	322	334	335	428	429	446	447	448	461	579	592	929	933	
27	28	38	278	722	
23	409	545	785	
28	77	78	79	301	340	497	531	539	811	
300	375	405	828	889	
493	522	523	563	
511	681	682	
2	3	4	54	55	56	57	58	59	63	89	126	131	132	137	138	174	192	193	194	195	208	252	271	281	285	286	305	408	412	481	520	552	586	685	698	738	803	809	812	826	832	845	859	880	949	990	
20	92	885	887	
325	327	945	
261	470	986	
7	8	9	12	19	141	161	213	247	264	265	266	267	332	358	359	374	406	407	441	452	466	499	500	502	504	506	510	525	529	566	569	570	573	608	661	674	699	700	707	720	754	823	856	
40	47	48	76	113	114	171	245	263	318	333	361	370	417	423	424	442	443	444	455	485	527	547	847	919	925	976	981	
60	61	103	104	150	157	179	181	182	250	283	296	320	321	368	376	378	379	380	381	385	387	388	389	390	391	392	393	394	395	396	397	
2	3	4	54	55	56	57	58	59	63	89	126	131	132	137	138	174	192	193	194	195	208	252	271	281	285	286	303	305	408	412	481	520	552	586	685	698	738	803	809	812	826	832	845	859	880	949	990	
0	1	17	18	73	85	218	221	222	223	225	226	248	268	297	307	309	310	311	312	313	314	317	341	560	696	
23	24	25	26	27	28	29	30	31	32	33	34	35	36	37	38	39	40	47	48	113	114	115	116	135	136	151	165	169	170	171	245	251	261	263	318	333	337	338	339	361	367	370	417	423	437	438	442	443	455	545	547	588	590	
7	8	9	12	19	141	161	213	247	264	265	266	267	332	358	359	374	406	407	441	452	466	499	500	502	504	506	510	525	529	566	569	570	573	608	661	674	699	700	707	720	754	823	856	
7	8	9	12	19	141	161	213	247	264	265	266	267	332	358	359	374	406	407	441	452	466	499	500	502	504	506	510	525	529	566	569	570	573	608	661	674	699	700	707	720	754	823	856	
16	105	145	489	518	771	
168	172	232	275	280	291	399	401	403	413	426	440	450	457	458	493	515	526	542	543	562	568	600	714	813	840	
23	24	25	26	27	28	29	30	31	32	33	34	35	36	37	38	39	40	47	48	113	114	115	116	135	136	151	165	169	170	171	245	251	261	263	318	336	337	338	339	361	367	370	417	437	438	442	443	455	545	547	588	590	860	
0	1	17	18	73	85	218	221	222	223	225	226	248	268	297	307	309	310	311	312	313	314	317	341	696	
7	8	9	12	19	141	161	213	247	264	265	266	267	332	358	359	406	407	441	452	466	499	500	502	504	506	510	525	529	566	569	570	573	608	661	666	674	699	700	707	720	754	823	856	
142	158	159	209	210	233	234	235	236	237	240	241	242	243	244	319	373	926	927	930	931	963	
77	78	79	340	497	531	539	811	
60	61	103	104	122	149	150	156	157	178	179	180	181	182	250	262	283	296	320	321	344	345	347	349	351	352	368	376	378	379	380	381	385	387	388	389	390	391	393	394	395	397	656	681	851	
88	89	285	304	806	809	
54	59	132	192	303	807	
14	206	292	918	1000	
256	450	534	544	813	
139	140	273	422	461	819	
2	3	4	54	55	56	57	58	59	63	89	126	131	132	137	138	174	192	193	194	195	208	252	271	281	285	286	303	305	408	412	481	520	533	552	586	685	698	738	803	809	812	826	832	845	859	880	949	990	
23	24	25	26	27	28	29	30	31	32	33	34	35	36	37	38	39	40	47	48	76	113	114	115	116	135	136	151	165	169	170	171	245	251	261	263	318	333	338	339	361	367	370	417	423	437	438	442	443	444	455	485	494	545	547	588	590	847	925	976	981	
7	8	9	12	19	43	141	161	213	264	265	266	267	332	358	359	374	406	407	441	452	466	499	500	502	503	504	505	506	510	525	529	566	569	570	573	602	608	661	699	700	707	720	754	823	856	913	
168	172	275	280	291	399	401	403	413	426	450	458	493	515	526	542	543	544	585	600	714	813	817	
158	159	209	210	233	234	235	236	237	238	240	241	242	243	244	319	926	927	930	931	963	
3	4	16	17	23	28	41	42	46	58	63	80	81	87	105	114	115	128	137	145	147	152	153	154	163	165	169	170	173	174	180	184	187	209	210	212	226	233	236	249	252	254	255	256	269	271	280	283	290	300	303	329	333	340	351	355	356	363	365	367	371	393	404	405	422	427	473	474	490	492	493	495	513	518	531	612	615	638	859	896	932	
49	50	70	71	152	217	288	431	432	433	612	
168	172	257	275	280	291	399	401	403	413	426	450	457	458	493	515	526	542	543	544	562	568	585	600	714	813	817	840	
15	45	46	118	139	140	164	216	269	272	273	274	322	334	335	428	429	446	447	448	461	579	592	929	933	
518	559	769	
230	481	898	920	
41	51	94	95	128	167	196	197	198	199	200	201	204	205	206	207	593	776	908	917	918	
17	41	42	49	50	58	70	71	87	105	144	145	147	152	153	154	163	173	180	186	212	217	233	249	252	254	256	269	283	288	333	340	393	404	405	422	427	431	433	474	492	493	518	612	615	643	654	932	
7	8	9	12	19	141	161	213	247	264	265	266	267	332	358	359	374	406	407	441	452	466	499	500	502	504	506	510	525	529	566	569	570	573	608	661	674	699	700	707	720	754	823	856	
2	3	4	54	55	56	57	58	59	63	89	126	131	132	137	138	174	192	193	194	195	208	252	271	281	285	286	303	305	408	412	481	520	552	586	685	698	738	803	809	812	826	832	845	859	880	949	990	
2	3	58	59	217	273	601	665	812	859	886	
68	69	80	81	105	184	187	188	287	299	418	480	508	509	549	550	551	582	663	667	671	678	679	710	747	
17	49	50	70	71	87	105	152	153	155	212	217	288	393	431	432	433	612	643	
7	8	9	12	19	141	161	213	247	264	265	266	267	332	358	359	374	406	407	441	452	466	499	500	502	504	506	510	525	529	566	569	570	573	608	661	674	699	700	707	720	754	823	856	
7	8	9	12	19	141	161	213	247	264	265	266	267	332	358	359	374	406	407	441	452	466	499	500	502	504	506	510	525	529	566	569	570	573	608	661	674	699	700	707	720	754	823	856	
255	284	355	453	471	472	610	
68	69	80	81	105	184	187	188	287	299	375	418	460	480	508	509	550	551	663	667	671	679	710	747	
168	172	275	280	291	399	401	403	413	426	450	458	493	515	526	542	543	544	585	600	714	813	817	
69	81	509	710	713	952	
367	577	757	980	
157	178	180	214	278	343	345	346	350	351	352	483	681	851	
168	172	275	280	291	399	401	403	413	426	450	458	493	515	526	542	543	544	585	600	714	813	817	
20	42	68	69	80	81	87	105	184	187	188	190	212	249	253	287	299	329	356	357	375	418	459	474	480	508	509	550	551	663	667	671	679	710	747	
2	3	4	16	17	23	28	41	42	46	58	63	80	81	87	105	114	115	128	132	137	145	147	152	153	154	163	165	169	170	173	174	180	184	186	187	208	209	210	212	226	233	234	236	249	252	254	255	256	269	271	283	290	300	303	329	333	340	351	355	356	363	365	367	371	393	404	405	422	427	474	490	492	493	495	518	531	597	612	615	654	828	859	892	896	932	
41	51	94	95	128	167	196	197	198	199	200	201	204	205	206	207	593	776	908	917	918	
41	51	94	95	128	167	196	197	198	199	200	201	204	205	206	207	593	776	908	917	918	
10	20	69	173	259	260	306	325	326	327	400	538	723	728	733	777	825	923	
10	134	173	340	521	535	553	554	598	766	777	
0	1	17	18	73	85	218	221	222	223	225	226	248	268	297	307	309	310	311	312	313	314	317	341	696	
77	78	79	340	497	531	539	581	811	
7	8	9	12	19	141	161	213	247	264	265	266	267	332	358	359	374	406	407	441	451	452	466	499	500	502	504	506	510	525	529	566	569	570	602	608	661	674	699	700	707	720	754	823	856	957	
60	61	94	95	122	128	130	149	156	157	167	168	172	178	179	180	181	203	206	214	257	277	278	280	284	291	292	296	320	343	345	346	347	350	351	352	381	426	450	483	515	526	575	621	681	851	
16	17	20	28	42	46	63	68	69	80	81	87	105	114	128	137	145	152	153	154	165	169	170	173	184	187	188	210	212	222	223	226	249	253	254	255	256	269	283	290	300	303	314	329	340	351	355	356	357	362	363	365	367	371	375	404	405	418	422	474	480	486	490	495	508	509	518	531	550	607	663	667	671	679	710	747	892	896	932	
168	172	257	275	276	280	291	399	401	403	413	426	450	457	458	493	515	526	542	543	544	562	568	585	600	714	813	817	840	
41	51	94	95	128	167	196	197	198	199	200	201	204	205	206	207	593	776	908	917	918	
60	61	103	104	150	157	179	181	182	250	283	296	320	321	368	376	378	379	380	381	384	385	387	388	389	390	391	392	393	394	395	396	397	
66	90	91	108	110	111	112	143	328	329	357	375	469	474	476	477	478	514	
306	326	530	538	723	733	825	923	
7	8	9	12	19	141	161	213	247	264	265	266	267	332	358	359	374	406	407	441	452	466	499	500	502	504	506	510	525	529	566	569	570	573	608	661	674	699	700	707	720	754	823	856	
184	299	800	968	
10	20	69	173	259	260	306	325	326	327	400	509	538	564	723	728	733	777	825	923	
60	61	103	104	150	157	179	181	182	250	283	296	320	321	331	368	376	378	379	380	381	385	387	388	389	390	391	392	393	394	395	396	397	
158	159	209	210	233	234	235	236	237	240	241	242	243	244	319	810	926	927	930	931	963	
1	320	435	602	616	
367	577	578	757	980	
23	24	25	26	27	28	29	30	31	32	33	34	35	36	37	38	39	40	47	48	113	115	116	135	136	151	165	169	170	171	245	251	261	263	336	337	338	339	361	367	370	417	437	438	443	455	545	547	588	590	
41	51	94	95	128	167	196	197	198	199	200	201	203	204	205	206	207	593	694	776	908	917	918	
20	72	163	259	311	524	
23	24	25	26	27	28	29	30	31	32	33	34	35	36	37	38	39	40	47	48	113	115	116	123	135	136	151	165	169	170	171	245	251	261	336	337	338	339	361	367	370	417	437	438	443	455	491	545	588	590	745	753	816	860	900	914	
168	172	256	257	275	280	290	291	294	399	401	403	413	426	450	457	458	493	515	526	542	543	544	562	568	585	600	714	813	817	840	
1	320	602	616	
113	280	330	464	483	531	556	
15	45	46	139	140	164	216	269	272	273	274	322	334	335	428	429	446	447	448	461	579	592	695	929	933	
3	16	17	23	28	41	42	46	58	63	80	81	87	105	114	115	128	132	137	145	147	152	153	154	163	165	169	170	173	174	180	186	187	209	210	212	226	233	236	249	252	254	255	256	269	271	283	296	300	303	329	333	340	351	355	363	365	367	371	393	404	405	422	427	453	474	490	492	493	495	518	531	548	601	607	612	615	654	669	859	932	946	
7	8	9	12	19	141	213	246	264	266	332	358	359	360	441	451	452	466	499	504	506	525	529	558	569	602	608	649	661	700	707	729	765	856	912	913	
156	321	414	645	697	
0	1	17	18	73	85	218	221	222	223	225	226	248	268	297	307	309	310	311	312	313	314	317	341	696	
17	218	222	253	315	495	519	537	
40	47	48	76	113	114	171	245	263	318	333	361	370	417	423	442	443	444	455	485	527	547	847	919	925	976	981	
113	280	330	464	483	531	556	
614	742	756	
332	706	813	836	
52	621	781	
69	325	509	958	962	
68	69	80	81	105	184	187	188	287	299	329	375	418	480	508	509	550	551	663	667	671	679	710	747	
58	262	344	347	814	
16	17	23	41	42	48	49	50	58	70	71	81	87	105	115	144	145	147	152	153	154	163	165	169	170	173	180	186	209	210	212	217	233	249	252	254	255	256	269	283	288	303	329	333	340	355	363	365	371	393	404	405	422	427	431	433	463	474	490	492	493	518	561	601	612	615	643	654	701	859	932	
0	1	17	18	73	85	218	221	222	223	225	226	248	268	297	307	309	310	311	312	313	314	317	341	696	758	
131	271	717	788	
68	69	80	81	105	184	187	188	287	299	375	418	465	480	508	509	550	551	663	667	671	678	679	710	747	
605	797	851	
15	45	46	139	140	164	216	269	272	273	274	322	334	335	428	429	446	447	448	461	579	592	624	929	933	950	
20	69	715	799	
18	206	415	851	852	
4	255	401	712	995	
