60	181	295	320	321	377	393	394	947	
4	63	252	285	408	412	625	
181	320	379	389	394	628	
157	178	179	180	214	278	284	343	345	346	347	350	351	352	681	
82	83	121	283	366	372	594	693	
88	89	285	304	806	809	
115	165	753	860	900	978	
180	191	342	348	349	
23	27	33	35	878	
412	520	812	859	991	
115	436	437	438	
96	115	338	439	
376	397	632	719	
209	233	234	637	
131	211	411	646	
185	353	404	709	
69	81	509	713	
102	516	517	743	
134	340	521	766	
168	172	275	413	426	450	457	458	526	562	568	714	840	
340	419	445	848	
65	401	425	870	874	
114	333	417	895	
262	903	907	
81	189	222	911	
47	48	76	113	114	171	245	263	318	333	361	417	423	442	443	444	455	485	527	547	847	919	925	976	981	
24	27	953	997	
64	405	456	
86	290	620	
303	369	630	
159	209	631	
199	434	677	
107	702	932	
88	89	160	163	302	303	304	369	630	806	821	
322	335	794	
41	801	820	
163	212	227	495	541	641	748	934	
45	124	838	
290	567	843	
166	292	1000	
405	891	892	
466	893	971	
93	128	940	
20	21	728	885	887	
184	299	968	
158	159	210	234	235	236	237	240	241	242	243	926	927	930	931	963	
91	329	989	
2	56	58	59	63	194	305	845	865	
57	131	281	683	
49	50	70	71	84	152	162	217	288	431	432	433	612	
15	45	46	139	140	164	216	269	272	273	274	322	334	335	428	429	446	447	448	461	579	592	735	929	933	
50	70	71	186	212	217	288	372	431	433	932	
60	61	103	104	150	157	179	181	182	250	283	296	320	321	368	376	378	379	380	381	385	387	388	389	390	391	392	393	394	395	396	397	
28	30	37	229	721	
103	150	179	250	741	
13	66	90	91	108	110	111	112	143	258	328	329	357	375	469	474	476	477	478	514	
158	159	209	210	233	234	235	236	237	240	241	242	243	244	319	926	927	930	931	963	
5	55	56	63	281	305	718	
87	154	249	518	546	615	954	
66	90	91	108	110	112	143	328	329	375	469	474	476	477	478	514	
97	98	99	100	101	124	125	185	323	353	354	371	404	618	640	662	708	768	
2	3	4	6	57	58	59	192	193	194	195	252	408	412	586	685	803	812	826	832	859	990	1001	
158	159	209	210	233	234	235	236	237	240	241	242	243	244	319	926	927	930	931	963	
38	40	47	48	113	116	245	263	318	339	370	443	486	547	725	
272	290	563	584	
300	375	405	828	889	
306	326	723	733	825	923	
66	90	91	108	110	111	329	375	474	477	478	514	
0	17	73	74	177	215	218	222	248	297	309	311	316	341	696	905	
97	98	99	100	101	124	125	185	323	353	354	371	404	618	640	662	708	768	
41	51	167	206	751	
174	183	420	854	
97	98	99	100	101	125	323	371	640	937	
87	94	128	593	917	918	974	
2	3	4	54	55	56	57	58	59	63	89	126	131	132	137	138	174	194	195	208	252	271	281	285	286	305	408	412	481	520	552	685	698	738	809	812	815	826	845	859	880	949	
115	116	123	135	136	165	169	170	251	336	337	338	339	437	438	455	753	816	860	900	914	987	
129	172	256	365	802	
47	48	76	113	114	171	245	263	318	333	361	370	417	423	442	443	444	455	485	527	547	847	919	925	976	981	
60	61	103	104	150	157	179	181	182	231	250	283	296	320	321	368	376	378	379	380	381	384	385	387	388	389	390	391	392	393	394	395	396	397	
32	39	116	336	337	339	883	
126	137	208	286	520	634	635	812	
134	340	482	521	553	554	598	766	
7	44	62	249	365	833	856	
15	45	46	139	140	164	216	269	272	273	274	322	334	335	428	429	446	447	448	461	579	592	929	933	
66	90	108	112	143	325	328	357	469	474	478	514	
182	376	397	632	719	841	869	
60	61	103	104	150	157	182	250	283	296	321	368	378	379	385	387	388	389	390	392	393	395	528	
286	356	410	486	490	
17	18	85	218	221	222	226	248	297	307	309	310	314	317	341	696	
117	127	163	288	613	614	619	747	756	
87	280	303	493	909	
94	197	205	593	936	955	
498	504	525	913	967	
7	8	9	43	141	213	332	358	359	374	406	407	452	466	499	500	501	502	503	504	505	506	525	529	699	
106	357	454	
7	8	9	11	12	19	141	161	213	247	264	265	266	267	358	359	360	441	452	466	499	506	510	525	566	569	570	573	608	661	666	674	700	707	754	823	856	957	
130	294	381	391	426	484	572	776	822	936	939	
141	362	421	451	452	466	487	488	496	529	922	
30	116	123	133	135	136	151	165	169	170	251	336	337	338	339	361	437	438	753	816	860	900	914	987	
282	518	559	769	
97	98	99	100	101	102	124	125	185	323	353	354	371	404	618	640	662	708	768	
15	45	46	139	140	164	216	269	272	273	274	322	334	335	428	429	446	447	448	461	579	592	929	933	
28	38	278	722	
23	409	545	785	
77	79	248	254	297	301	307	445	446	557	696	848	917	
300	405	828	889	
493	522	523	563	
511	681	682	
80	126	138	187	188	208	481	551	663	679	698	815	880	921	
20	92	885	887	
325	327	945	
261	470	986	
43	264	266	332	358	374	406	407	499	500	501	502	503	504	505	506	529	608	699	720	754	804	
47	48	76	113	114	171	245	263	318	333	361	370	417	423	424	442	443	444	455	485	527	547	847	919	925	976	981	
61	104	363	384	387	388	390	
4	54	55	56	57	58	59	126	131	132	137	138	174	208	252	271	281	285	286	305	481	520	552	685	698	738	809	815	845	880	921	949	
73	148	161	224	268	313	317	451	468	470	496	560	623	
75	119	151	170	261	367	427	470	655	753	816	914	980	986	
7	8	9	12	19	141	161	213	247	264	265	267	359	441	452	566	569	570	573	661	666	674	700	707	823	856	957	
19	213	359	360	525	700	707	913	951	957	
16	105	145	489	518	771	
168	172	232	275	399	401	403	413	426	440	450	457	458	493	515	526	542	543	562	568	600	714	813	840	
23	24	25	26	27	28	29	30	31	32	33	34	35	36	37	38	39	40	151	165	261	438	545	588	590	
0	1	17	18	73	85	218	221	223	225	226	248	268	307	309	310	311	312	313	314	317	872	
266	324	555	565	608	720	754	804	
142	145	239	373	552	571	591	
77	78	79	497	531	539	811	
122	149	176	178	214	262	344	345	350	351	352	380	483	575	656	681	851	
88	89	304	806	809	924	
54	132	192	303	807	
14	206	292	918	1000	
256	450	534	544	813	
139	140	273	422	461	819	
2	3	102	192	193	194	195	408	516	517	533	743	803	826	832	859	990	1001	
24	25	26	29	32	34	35	37	40	75	135	169	261	287	338	372	437	470	494	545	588	590	655	900	914	953	986	997	
43	332	358	374	406	407	499	500	502	503	504	505	506	
168	172	275	291	399	403	413	426	450	458	493	515	526	542	543	544	813	
158	210	233	236	237	238	241	242	243	244	587	832	963	
16	42	46	105	145	147	152	153	154	169	170	186	212	249	254	255	256	269	284	296	300	355	363	365	422	427	453	471	472	473	490	492	495	513	518	589	607	615	638	642	932	
49	50	70	71	152	217	288	431	432	433	612	
176	270	292	486	515	611	
117	118	279	326	651	748	
559	769	
230	481	898	920	
41	51	94	95	128	167	196	197	198	199	200	201	204	205	206	207	593	776	908	917	918	
144	145	186	212	254	492	615	
8	246	249	293	362	365	374	406	430	672	720	765	856	912	
3	15	54	137	174	175	532	665	685	
601	665	886	
68	69	80	81	105	184	187	188	287	299	418	480	508	509	549	550	551	582	663	667	671	679	710	747	
49	50	71	87	152	153	155	217	431	432	433	612	643	654	
9	12	19	161	264	265	266	267	324	441	510	565	569	570	608	661	666	674	700	707	720	754	804	823	
246	247	293	298	430	649	765	
255	284	355	453	471	472	610	
68	80	187	188	460	508	551	663	671	679	747	
168	544	585	600	706	
69	81	509	540	710	952	
367	577	757	980	
178	180	214	278	343	345	346	347	350	351	352	483	681	851	
275	458	654	789	835	
42	68	80	187	188	190	253	299	418	459	467	480	508	582	663	667	671	679	710	896	
596	597	651	756	932	
95	196	198	201	203	204	277	291	294	346	351	548	
31	51	95	143	167	196	197	198	199	200	201	203	204	207	395	413	484	563	572	714	776	822	908	936	
10	134	173	259	260	306	325	326	327	400	535	538	723	728	733	777	
10	134	173	340	521	535	553	554	598	728	777	
1	17	18	85	218	221	223	226	268	307	309	310	312	313	314	317	
77	78	79	497	531	539	557	581	811	
362	451	487	488	496	529	558	
130	149	180	277	278	280	284	289	401	621	
253	356	357	400	418	471	480	582	589	607	671	678	690	
130	257	276	291	543	544	568	
41	51	94	95	128	167	196	197	198	199	200	201	203	204	205	206	207	593	776	908	917	918	
122	149	176	178	262	344	349	352	380	381	656	
0	67	120	146	147	601	779	
306	326	530	538	723	733	825	923	
12	360	661	666	823	913	951	957	
184	287	298	299	536	800	968	
10	16	22	42	164	255	304	356	400	564	589	607	686	748	
122	148	149	156	224	225	331	344	349	402	468	
88	235	244	319	422	472	610	810	
1	127	147	154	435	602	616	647	
367	577	578	757	980	
23	24	25	26	27	28	29	30	31	32	33	34	35	36	37	38	39	40	151	545	588	590	
290	292	350	484	515	563	572	694	706	822	936	939	
20	72	163	259	311	524	
78	117	127	378	453	490	491	497	548	745	816	892	
203	214	257	291	294	346	399	403	457	526	542	543	
1	602	616	
280	330	464	483	531	556	727	
147	228	271	315	349	392	489	528	644	695	
16	153	154	495	615	641	654	669	783	930	946	
246	441	649	729	
156	414	645	697	
148	221	223	224	225	256	468	
222	227	253	315	495	519	537	
22	127	686	
280	330	464	483	531	556	727	
614	742	756	
332	706	813	836	
52	621	781	
69	325	509	958	962	
68	105	184	274	311	400	480	492	508	550	627	667	678	747	
262	344	347	814	
308	430	462	463	561	586	701	
0	79	85	120	146	226	601	758	
271	717	788	
53	465	667	
605	797	851	
173	254	427	428	624	651	950	
20	715	799	
18	415	851	852	
255	401	712	995	
