60	181	295	320	321	377	393	394	947	
4	63	252	285	408	412	625	
181	320	379	389	394	628	
157	178	179	180	214	278	284	343	345	346	347	350	351	352	483	681	851	
82	83	121	283	366	372	594	693	
88	89	285	304	806	809	
115	165	753	860	900	978	
180	191	342	348	349	
23	27	33	35	878	
412	520	812	859	991	
115	436	437	438	
96	115	338	439	
376	397	632	719	
209	233	234	637	
131	211	411	646	
185	353	404	709	
69	81	509	713	
102	516	517	743	
134	340	521	766	
168	172	275	291	399	401	403	413	426	450	457	458	493	515	526	542	543	562	568	714	813	840	
340	419	445	848	
65	401	425	870	874	
114	333	417	895	
262	903	907	
81	189	222	911	
47	48	76	113	114	171	245	263	318	333	361	370	417	423	442	443	444	455	485	527	547	847	919	925	976	981	
24	27	953	997	
64	405	456	
86	290	620	
303	369	630	
159	209	631	
199	434	677	
107	702	932	
88	89	160	163	303	304	369	630	821	
322	335	794	
41	801	820	
163	212	371	495	541	641	748	
45	124	838	
290	567	843	
166	292	1000	
405	891	892	
466	893	971	
93	128	940	
20	21	728	885	887	
184	299	968	
158	159	209	210	233	234	235	236	237	240	241	242	243	244	319	926	927	930	931	963	
91	329	989	
2	56	58	59	63	194	305	845	865	
57	131	281	305	604	683	
49	50	70	71	84	152	162	217	288	431	432	433	612	
15	45	46	139	140	164	216	269	272	273	274	322	334	335	428	429	446	447	448	461	579	592	929	933	
49	50	70	71	152	217	288	431	432	433	612	
60	61	103	104	150	157	179	181	182	250	283	296	320	321	368	376	378	379	380	381	385	387	388	389	390	391	392	393	394	395	396	397	
28	30	37	229	721	
103	150	179	250	741	
13	66	90	91	108	110	111	112	143	258	328	329	357	375	469	474	476	477	478	514	
158	159	209	210	233	234	235	236	237	240	241	242	243	244	319	926	927	930	931	963	
5	55	56	63	281	305	718	
87	154	249	518	546	615	954	
66	90	91	108	110	112	143	328	329	357	375	469	474	476	477	478	514	
97	98	99	100	101	124	125	185	323	353	354	371	404	618	640	662	708	768	
2	3	4	6	54	55	56	57	58	59	63	89	126	137	138	174	192	193	194	195	208	252	271	281	285	286	305	408	412	481	520	586	685	738	803	809	812	826	832	845	859	880	990	1001	
158	159	209	210	233	234	235	236	237	240	241	242	243	244	319	926	927	930	931	963	
40	47	48	76	113	114	171	245	263	318	333	361	370	417	423	442	443	444	455	485	527	547	847	919	925	976	981	
272	290	563	584	
300	375	405	828	889	
306	326	723	733	825	923	
66	90	91	108	110	111	112	143	328	329	357	375	469	474	476	477	478	514	
0	17	73	74	177	215	218	221	222	223	248	268	297	309	311	313	316	341	696	905	
97	98	99	100	101	124	125	185	323	353	354	371	404	618	640	662	708	768	
41	51	167	206	751	
174	183	420	854	
97	98	99	100	101	124	125	185	323	353	354	371	404	618	640	662	708	768	
87	94	128	593	917	918	974	
2	3	4	54	55	56	57	58	59	63	89	126	131	132	137	138	174	192	193	194	195	208	252	271	281	285	286	305	408	412	481	520	552	586	685	698	738	803	809	812	815	826	832	845	859	880	949	990	
115	116	123	135	136	165	169	170	251	336	337	338	339	437	438	455	753	816	860	900	914	978	987	
129	172	256	365	802	
47	48	76	113	114	171	245	263	318	333	361	370	417	423	442	443	444	455	485	527	547	847	919	925	976	981	
60	61	103	104	150	157	179	181	182	231	250	283	296	320	321	368	376	378	379	380	381	385	387	388	389	390	391	392	393	394	395	396	397	
30	32	39	116	336	337	339	883	
126	137	208	286	520	634	635	812	
134	340	482	521	553	554	598	766	
7	44	62	249	365	833	856	
15	45	46	139	140	164	216	269	272	273	274	322	334	335	428	429	446	447	448	461	579	592	929	933	
66	90	91	108	112	143	328	329	357	375	469	474	476	477	478	514	
182	376	397	632	719	841	869	
60	61	103	104	150	157	179	181	182	250	283	296	320	321	368	376	378	379	380	381	385	387	388	389	390	391	392	393	394	395	396	397	
286	356	410	486	490	
0	17	18	73	85	218	221	222	223	225	226	248	297	307	309	310	311	312	313	314	317	341	696	872	
117	127	163	288	613	614	619	747	756	
87	280	303	493	909	
94	197	205	593	936	955	
498	504	525	913	967	
7	8	9	12	19	43	141	213	264	265	266	332	358	359	374	406	407	452	466	499	500	501	502	503	504	505	506	510	525	529	569	608	661	699	700	707	720	
106	357	454	
7	8	9	11	12	19	141	161	213	247	264	265	266	267	332	358	359	406	407	441	452	466	499	500	502	504	506	510	525	529	566	569	570	573	608	661	666	674	699	700	707	720	754	823	856	
130	204	272	280	290	292	350	484	563	572	584	706	776	822	908	936	939	
141	362	421	451	452	466	487	488	496	499	529	922	
30	40	115	116	123	133	135	136	151	165	169	170	251	261	336	337	338	339	361	417	437	438	455	753	816	860	900	914	978	987	
282	518	559	769	
97	98	99	100	101	124	125	185	323	353	354	371	404	618	640	662	708	768	
15	45	46	139	140	164	216	269	272	273	274	322	334	335	428	429	446	447	448	461	579	592	929	933	
27	28	38	278	722	
23	409	545	785	
77	78	79	254	301	445	497	531	539	548	557	696	811	
300	375	405	828	889	
493	522	523	563	
511	681	682	
2	3	4	54	55	56	57	58	59	126	131	132	137	138	174	194	195	208	252	271	281	286	408	481	520	532	552	663	685	698	738	809	815	880	949	
20	92	885	887	
325	327	945	
261	470	986	
7	9	43	141	213	266	332	358	359	374	406	407	466	499	500	501	502	503	504	505	506	525	529	608	699	720	
47	48	76	113	114	171	245	263	318	333	361	370	417	423	424	442	443	444	455	485	527	547	847	919	925	976	981	
60	61	103	104	150	157	179	181	182	250	283	296	320	321	368	376	378	379	380	381	384	385	387	388	389	390	391	392	393	394	395	396	397	
2	3	4	54	55	56	57	58	59	63	89	126	131	132	137	138	174	193	194	195	208	252	271	281	285	286	303	305	408	412	481	520	552	586	685	698	738	809	812	815	826	832	845	859	880	949	
1	73	85	221	224	248	268	309	310	311	313	314	317	365	451	468	487	496	560	
40	75	116	119	151	169	170	261	367	427	437	470	655	753	816	860	900	914	980	
7	8	9	12	19	141	161	213	247	264	265	267	358	359	360	441	452	499	510	566	569	570	573	608	661	666	674	700	707	754	823	856	957	
12	19	161	213	265	267	359	360	525	570	661	666	700	707	823	913	951	957	
16	105	145	489	518	771	
168	172	232	275	280	291	399	401	403	413	426	440	450	457	458	493	515	526	542	543	562	568	600	714	813	840	
23	24	25	26	27	28	29	30	31	32	33	34	35	36	37	38	39	40	151	165	261	339	438	545	588	590	
0	1	17	18	73	85	218	221	222	223	225	226	248	268	297	307	309	310	311	312	313	314	317	341	696	
266	324	441	555	565	608	720	754	804	
142	145	158	239	243	373	552	571	591	
77	78	79	340	497	531	539	811	
149	176	178	180	214	262	278	343	344	345	346	350	351	352	483	575	656	681	851	
88	89	285	304	806	809	
54	132	192	303	807	
14	206	292	918	1000	
256	450	534	544	813	
139	140	273	422	461	819	
2	3	4	57	58	59	102	192	193	194	195	252	408	412	516	517	533	685	803	812	826	832	845	859	990	1001	
23	24	25	26	27	28	29	30	31	32	33	34	35	36	37	38	39	40	48	75	113	115	116	135	151	165	169	170	251	261	338	339	361	367	370	437	438	443	470	494	545	588	590	753	816	860	900	914	953	
43	332	358	374	406	407	499	500	501	502	503	504	505	506	525	529	699	
168	172	275	291	399	403	413	426	450	458	493	515	526	542	543	544	585	600	714	813	817	
158	159	209	210	233	234	235	236	237	238	240	241	242	243	244	319	926	927	930	931	963	
16	23	28	42	46	87	105	132	145	147	152	153	154	163	169	170	173	187	210	212	236	249	254	255	256	269	283	296	300	303	329	333	351	355	363	365	367	371	404	405	422	427	453	471	472	473	474	489	490	492	495	513	518	607	612	615	638	642	748	932	
49	50	70	71	152	217	288	431	432	433	612	
176	270	278	292	486	515	611	
15	45	46	118	139	140	164	216	269	272	273	274	322	334	335	428	429	446	447	448	461	579	592	617	735	929	933	
518	559	769	
230	481	898	920	
41	51	94	95	128	167	196	197	198	199	200	201	204	205	206	207	593	776	908	917	918	
144	145	152	186	212	254	433	492	518	615	
8	249	293	362	365	374	406	407	430	503	504	505	506	672	765	833	856	
3	15	137	174	175	288	532	665	685	
217	273	601	665	859	886	
68	69	80	81	105	184	187	188	287	299	418	480	508	509	549	550	551	582	663	667	671	678	679	710	747	
49	50	70	71	87	152	153	155	217	288	393	431	432	433	612	643	654	
7	8	9	12	19	141	161	213	247	264	265	266	267	324	358	359	360	441	452	466	510	555	558	565	566	569	570	573	608	661	666	674	700	707	720	754	823	856	957	
246	247	266	298	324	430	565	649	765	
255	284	355	453	471	472	610	
68	80	81	187	188	418	460	508	551	663	667	671	679	747	
168	172	332	544	585	600	706	813	836	
69	81	509	710	713	952	
367	577	757	980	
157	178	180	214	278	343	345	346	350	351	352	483	681	851	
275	352	458	654	789	835	
68	69	80	81	105	184	187	188	287	299	418	459	480	508	509	550	551	582	663	667	671	679	710	747	
31	87	127	227	253	254	427	495	596	597	651	756	932	
41	51	94	95	128	167	196	197	198	199	200	201	203	204	205	206	207	593	776	908	917	918	
41	51	94	95	128	167	196	197	198	199	200	201	203	204	205	206	207	593	776	908	917	918	
10	20	173	259	260	306	325	326	327	400	538	723	728	733	777	825	923	
10	134	173	340	521	535	553	554	598	766	777	
0	1	17	18	73	85	218	221	222	223	225	226	248	268	307	309	310	312	313	314	317	872	
77	78	79	340	497	531	539	557	581	811	
362	451	487	488	496	529	558	
130	149	167	180	214	257	277	278	280	284	289	351	401	426	621	
16	42	68	80	105	184	187	188	212	249	253	255	256	356	357	405	418	471	480	490	508	550	582	589	607	667	671	678	747	932	
130	168	203	257	275	276	290	291	294	399	403	450	457	458	515	526	542	543	544	568	817	
41	51	94	95	128	167	196	197	198	199	200	201	204	205	206	207	593	776	908	917	918	
122	148	149	156	176	178	180	200	262	344	347	349	352	380	381	402	656	
66	67	90	91	108	111	112	143	146	328	368	474	477	478	514	
306	326	530	538	723	733	825	923	
8	9	12	19	161	247	264	267	293	360	441	452	506	565	566	569	570	661	666	674	700	707	754	823	856	957	
184	287	299	800	968	
10	16	20	46	68	126	134	164	173	190	259	260	263	300	306	325	327	336	356	400	535	554	564	589	607	671	678	723	728	733	748	777	
122	148	149	150	156	176	178	262	331	344	347	349	402	656	903	907	
158	159	210	233	234	235	236	237	240	241	242	243	244	255	319	355	810	926	927	930	931	963	
1	147	435	602	616	
367	577	578	757	980	
23	24	25	26	27	28	29	30	31	32	33	34	35	36	37	38	39	40	151	165	261	438	545	588	590	
290	350	484	563	572	694	706	822	936	939	
20	72	163	259	311	524	
77	78	79	127	169	170	378	390	453	490	491	497	531	539	548	745	753	811	816	892	
168	172	256	257	275	291	294	346	399	401	403	413	426	450	457	458	493	526	542	543	544	562	568	840	
1	602	616	
113	280	330	464	483	531	556	
147	253	269	271	296	315	392	489	528	644	695	
16	153	154	163	249	615	641	654	669	783	930	946	
246	441	649	729	
156	321	414	645	697	
1	17	18	85	148	218	221	223	224	225	226	256	309	310	312	314	317	365	468	495	
17	218	222	253	315	495	519	537	
22	35	36	48	114	127	245	263	318	338	423	442	443	485	486	686	
280	330	464	483	531	556	727	
614	742	756	
332	706	813	836	
52	621	781	
69	325	509	958	962	
68	69	80	105	184	188	299	400	418	480	508	509	550	582	627	667	678	710	747	969	
262	344	347	814	
145	212	254	308	430	462	463	545	561	586	701	
0	18	79	85	101	120	146	147	226	307	601	758	
131	271	717	788	
53	61	465	615	667	
605	797	851	
173	254	427	428	624	651	950	
20	715	799	
18	415	851	852	
255	401	712	995	
