60	181	295	320	321	377	393	394	947	
4	63	252	285	408	412	625	
181	320	379	389	394	628	
157	178	179	180	214	278	284	343	345	346	347	350	351	352	483	681	851	
82	83	121	283	366	372	594	693	
88	89	285	304	806	809	
115	165	753	860	900	978	
180	191	342	348	349	
23	27	33	35	878	
412	520	812	859	991	
115	436	437	438	
96	115	338	439	
376	397	632	719	
209	233	234	637	
131	211	411	646	
185	353	404	709	
69	81	509	713	
102	516	517	743	
134	340	521	766	
168	172	257	275	291	399	401	403	413	426	450	457	458	493	515	526	542	543	544	562	568	585	600	714	813	817	840	
340	419	445	848	
65	401	425	870	874	
114	333	417	895	
262	903	907	
81	189	222	911	
47	48	76	113	114	171	245	263	318	333	361	370	417	423	442	443	444	455	485	527	547	847	919	925	976	981	
24	27	953	997	
64	405	456	
86	290	620	
303	369	630	
159	209	631	
199	434	677	
107	702	932	
88	89	160	163	303	304	369	630	821	
322	335	794	
41	801	820	
163	212	371	495	541	641	748	
45	124	838	
290	567	843	
166	292	918	1000	
405	891	892	
466	893	971	
93	128	940	
20	21	728	885	887	
184	299	968	
158	159	209	210	233	234	235	236	237	240	241	242	243	244	319	926	927	930	931	963	
91	329	989	
2	56	58	59	63	194	305	845	865	
57	131	281	305	604	683	
49	50	70	71	84	152	162	217	288	431	432	433	612	
15	45	46	139	140	164	216	269	272	273	274	322	334	335	428	429	446	447	448	461	579	592	929	933	
49	50	70	71	152	217	288	431	432	433	612	
60	61	103	104	150	157	179	181	182	250	283	296	320	321	368	376	378	379	380	381	385	387	388	389	390	391	392	393	394	395	396	397	
27	28	30	37	229	721	
103	150	179	250	741	
13	66	90	91	108	110	111	112	143	258	328	329	357	375	469	474	476	477	478	514	
158	159	209	210	233	234	235	236	237	240	241	242	243	244	319	926	927	930	931	963	
5	55	56	63	281	305	718	
87	154	249	518	546	615	954	
66	90	91	108	111	112	143	328	329	357	375	469	474	476	477	478	514	
97	98	99	100	101	124	125	185	323	353	354	371	404	618	640	662	708	768	
2	3	4	6	54	55	56	57	58	59	63	89	126	131	132	137	138	174	192	193	194	195	208	252	271	281	285	286	305	408	412	481	520	552	586	685	698	738	803	809	812	815	826	832	845	859	880	949	990	1001	
158	159	209	210	233	234	235	236	237	240	241	242	243	244	319	926	927	930	931	963	
40	47	48	76	113	114	171	245	263	318	333	361	370	417	423	442	443	444	455	485	527	547	847	919	925	976	981	
272	290	563	584	
300	375	405	828	889	
306	326	723	733	825	923	
66	90	91	108	110	111	112	143	328	329	357	375	469	474	476	477	478	514	
0	17	18	73	74	177	215	218	221	222	223	226	248	268	297	309	311	313	316	317	341	696	905	
97	98	99	100	101	124	125	185	323	353	354	371	404	618	640	662	708	768	
41	51	167	206	751	
174	183	252	420	854	
97	98	99	100	101	124	125	185	323	353	354	371	404	618	640	662	708	768	
87	94	128	593	917	918	974	
2	3	4	54	55	56	57	58	59	63	89	126	131	132	137	138	174	192	193	194	195	208	252	271	281	285	286	305	408	412	481	520	552	586	685	698	738	803	809	812	826	832	845	859	880	949	990	
115	116	123	135	136	165	169	170	251	336	337	338	339	437	438	455	753	816	860	900	914	978	987	
129	172	256	365	802	
47	48	76	113	114	171	245	263	318	333	361	370	417	423	442	443	444	455	485	527	547	847	919	925	976	981	
60	61	103	104	150	157	179	181	182	231	250	283	296	320	321	368	376	378	379	380	381	385	387	388	389	390	391	392	393	394	395	396	397	
23	28	29	30	31	32	34	35	39	116	151	169	336	337	339	437	883	
2	57	126	137	208	286	520	634	635	812	
134	340	482	521	553	554	598	766	
7	44	62	249	365	833	856	
15	45	46	139	140	164	216	269	272	273	274	322	334	335	428	429	446	447	448	461	579	592	929	933	
66	90	91	108	112	143	328	329	357	375	469	474	476	477	478	514	
181	182	376	397	632	719	841	869	
60	61	103	104	150	157	179	181	182	250	283	296	320	321	368	376	378	379	380	381	385	387	388	389	390	391	392	393	394	395	396	397	
286	356	410	486	490	
0	1	17	18	73	85	218	221	222	223	225	226	248	268	297	307	309	310	311	312	313	314	317	341	696	
117	127	163	243	288	613	614	619	747	756	
87	280	303	493	909	
94	128	197	205	593	936	955	
498	504	525	913	967	
7	8	9	12	19	43	141	161	213	264	265	266	267	332	358	359	374	406	407	441	452	466	499	500	501	502	503	504	505	506	510	525	529	566	569	570	608	661	699	700	707	720	823	856	913	957	
106	357	454	
7	8	9	11	12	19	141	161	213	247	264	265	266	267	332	358	359	374	406	407	441	452	466	499	500	502	504	506	510	525	529	566	569	570	573	602	608	661	666	674	699	700	707	720	754	823	856	
130	167	272	280	290	350	484	563	572	584	593	706	776	822	936	939	
141	362	421	451	452	466	487	488	496	499	529	922	
30	40	115	116	123	133	135	136	151	165	169	170	251	261	336	337	338	339	361	417	437	438	443	455	753	816	860	900	914	978	987	
282	283	518	559	769	
97	98	99	100	101	124	125	185	323	353	354	371	404	618	640	662	708	768	
15	45	46	139	140	164	216	269	272	273	274	322	334	335	428	429	446	447	448	461	579	592	929	933	
27	28	38	278	722	
23	409	545	785	
77	78	79	301	340	445	497	531	539	557	811	
300	375	405	828	889	
493	522	523	563	
511	681	682	
2	3	4	54	55	56	57	58	59	63	89	126	131	132	137	138	174	193	194	195	208	252	271	281	285	286	305	408	412	481	520	552	586	685	698	738	809	815	826	832	845	859	880	949	
20	92	885	887	
325	327	945	
261	470	986	
7	9	141	213	266	332	358	359	374	406	407	466	499	500	502	503	504	505	506	525	529	608	699	700	707	720	
47	48	76	113	114	171	245	263	318	333	361	370	417	423	424	442	443	444	455	485	527	547	847	919	925	976	981	
60	61	103	104	150	157	179	181	182	250	283	296	320	321	368	376	378	379	380	381	385	387	388	389	390	391	392	393	394	395	396	397	
2	3	4	54	55	56	57	58	59	63	89	126	131	132	137	138	174	192	193	194	195	208	252	271	281	285	286	303	305	408	412	481	520	552	586	685	698	738	803	809	812	815	826	832	845	859	880	949	990	
0	1	17	73	85	218	221	223	224	225	248	268	309	310	311	312	313	314	317	341	560	
40	75	115	116	119	123	135	151	165	169	170	251	261	338	367	427	437	438	470	655	753	816	860	900	914	978	980	987	
7	8	9	12	19	141	161	213	247	264	265	266	267	358	359	360	441	452	499	510	566	569	570	573	608	661	666	674	700	707	754	823	856	957	
8	12	19	161	213	247	264	265	267	359	360	452	525	569	570	661	666	674	700	707	823	951	957	
16	105	145	489	518	771	
168	172	232	275	280	291	399	401	403	413	426	440	450	457	458	493	515	526	542	543	562	568	600	714	813	840	
23	24	25	26	27	28	29	30	31	32	33	34	35	36	37	38	39	40	116	151	165	261	339	438	545	588	590	
0	1	17	18	73	85	218	221	222	223	225	226	248	268	297	307	309	310	311	312	313	314	317	341	696	
266	324	441	466	555	565	608	720	754	804	
105	142	145	158	159	210	233	234	235	236	237	239	240	242	243	303	373	571	591	931	963	
77	78	79	340	497	531	539	811	
149	157	176	178	180	214	262	278	284	343	344	345	346	347	350	351	352	483	575	656	681	851	
88	89	285	304	806	809	
54	132	192	303	807	
14	206	292	918	1000	
256	450	534	544	813	
139	140	273	422	461	819	
2	3	4	54	55	56	57	58	59	137	174	192	193	194	195	252	271	281	408	412	520	533	685	803	809	812	826	832	845	859	990	1001	
23	24	25	26	27	28	29	30	31	32	33	34	35	36	37	38	39	40	48	75	113	115	116	135	136	151	165	169	170	251	261	336	337	338	339	361	367	370	427	437	438	443	470	494	545	588	590	753	816	860	900	914	
9	43	332	358	374	406	407	499	500	501	502	503	504	505	506	525	529	699	
168	172	275	291	399	403	413	426	450	458	493	515	526	542	543	544	585	600	714	813	817	
158	159	209	210	233	234	235	236	237	238	240	241	242	243	244	319	926	927	930	931	963	
16	23	28	41	42	46	80	87	105	114	132	145	147	152	153	154	163	169	170	173	187	210	212	236	249	254	255	256	269	283	296	300	303	329	333	351	355	356	363	365	367	371	393	404	405	422	427	453	473	474	489	490	492	495	513	518	531	607	612	615	638	642	748	932	
49	50	70	71	152	217	288	431	432	433	612	
176	270	278	292	389	486	515	611	
15	45	46	118	139	140	164	216	269	272	273	274	322	334	335	428	429	446	447	448	461	579	592	929	933	
518	559	769	
230	481	898	920	
41	51	94	95	128	167	196	197	198	199	200	201	204	205	206	207	593	776	908	917	918	
70	144	145	152	186	212	217	254	256	288	351	363	364	431	433	492	518	615	
8	43	249	293	332	358	365	374	406	407	430	499	500	501	502	503	504	505	506	661	672	765	856	
3	15	58	137	174	175	288	532	665	685	
3	59	217	273	601	665	812	859	886	
68	69	80	81	105	184	187	188	287	299	418	480	508	509	549	550	551	582	663	667	671	678	679	710	747	
49	50	70	71	87	152	153	155	217	288	393	431	432	433	612	643	
7	8	9	12	19	141	161	213	247	264	265	266	267	324	358	359	360	441	451	452	466	504	506	510	525	529	555	558	565	566	569	570	573	608	661	666	674	700	707	720	754	823	856	957	
12	19	246	247	266	324	430	555	565	608	649	720	754	765	804	
255	284	355	453	471	472	610	
68	69	80	81	184	187	188	299	418	460	480	508	509	550	551	582	663	667	671	679	710	747	
168	172	332	450	458	544	585	600	706	813	836	
69	81	509	710	713	952	
367	577	757	980	
157	178	180	214	278	343	345	346	350	351	352	483	681	851	
168	275	278	352	458	654	789	835	
68	69	80	81	105	184	187	188	287	299	418	459	480	508	509	550	551	663	667	671	678	679	710	747	952	
16	42	75	87	127	153	154	173	212	227	249	253	254	300	367	405	427	495	597	642	651	756	932	
41	51	94	95	128	167	196	197	198	199	200	201	203	204	205	206	207	593	776	908	917	918	
41	51	94	95	128	167	196	197	198	199	200	201	203	204	205	206	207	593	776	908	917	918	
10	20	173	259	260	306	325	326	327	400	538	723	728	733	777	825	923	
10	134	173	340	521	535	553	554	598	766	777	
0	1	17	18	73	85	218	221	222	223	225	226	248	268	297	307	309	310	311	312	313	314	317	696	872	
77	78	79	340	445	497	531	539	581	811	
362	451	487	488	496	529	558	
130	149	167	180	203	214	257	277	278	280	284	289	296	351	401	426	621	
16	20	42	68	80	105	145	170	184	187	188	212	249	253	255	256	355	356	357	365	371	405	418	471	474	480	490	495	508	550	582	589	607	667	671	678	747	932	
168	172	257	275	276	280	290	291	294	399	401	403	413	426	450	458	493	515	526	542	543	544	568	813	817	829	
41	51	94	95	128	167	196	197	198	199	200	201	204	205	206	207	593	776	908	917	918	
122	148	149	156	176	178	179	180	262	344	347	349	352	380	381	656	907	
66	90	91	108	110	111	112	143	328	329	357	375	469	474	476	477	478	514	
306	326	530	538	723	733	825	923	
7	8	9	12	19	141	161	213	247	264	265	267	359	360	441	452	506	510	566	569	570	573	661	666	674	700	707	754	823	856	
184	299	800	968	
10	20	68	134	173	259	260	306	325	326	327	400	508	535	538	551	554	564	723	728	733	777	825	923	
122	148	149	156	176	178	180	262	331	344	347	349	352	381	402	656	903	907	
158	159	209	210	233	234	235	236	237	240	241	242	243	244	319	810	926	927	930	931	963	
1	320	435	602	616	
367	577	578	757	980	
23	24	25	26	27	28	29	30	31	32	33	34	35	36	37	38	39	40	151	165	261	339	438	545	588	590	
290	350	484	563	572	694	706	822	936	939	
20	72	163	259	311	524	
77	78	79	127	169	170	470	491	497	531	539	548	745	753	811	816	860	900	914	
168	172	256	257	275	290	291	294	399	401	403	413	426	450	457	458	493	515	526	542	543	544	562	568	714	840	
1	602	616	
113	280	330	464	483	531	556	
140	147	164	269	271	296	315	349	392	489	528	644	695	
16	87	153	154	163	249	404	518	615	641	654	669	783	930	946	954	
246	441	649	729	
156	321	414	645	697	
1	17	18	73	85	218	221	222	223	224	225	226	228	256	307	309	310	312	313	314	317	365	468	495	
17	218	222	253	315	495	519	537	
40	47	48	76	113	114	171	245	263	318	333	361	370	417	423	442	443	444	455	485	527	547	725	847	925	976	981	
280	330	464	483	531	556	727	
614	742	756	
332	706	813	836	
52	621	781	
69	325	509	958	962	
68	69	80	81	105	184	187	188	190	287	299	418	480	508	509	550	582	663	667	671	678	679	710	747	
262	344	347	814	
144	145	147	152	186	212	254	255	269	308	408	430	433	462	463	492	545	561	586	612	615	701	932	
0	18	79	85	94	101	120	146	147	221	226	307	309	310	314	380	758	
131	271	717	788	
53	61	465	615	667	
605	797	851	
173	254	272	427	428	624	651	950	
20	715	799	
18	206	415	851	852	
4	255	401	712	995	
