60	181	295	320	321	377	393	394	947	
4	63	252	285	408	412	625	
181	320	379	389	394	628	
157	178	179	180	214	278	284	343	345	346	347	350	351	352	483	681	851	
82	83	121	283	366	372	594	693	
88	89	285	304	806	809	
115	165	753	860	900	978	
180	191	342	348	349	
23	27	33	35	878	
412	520	812	859	991	
115	436	437	438	
96	115	338	439	
376	397	632	719	
209	233	234	637	
131	211	411	646	
185	353	404	709	
69	81	509	713	
102	516	517	743	
134	340	521	766	
168	172	257	275	291	399	401	403	413	426	450	457	458	493	515	526	542	543	544	562	568	585	600	714	813	817	840	
340	419	445	848	
65	401	425	870	874	
114	333	417	895	
262	903	907	
81	189	222	911	
47	48	76	113	114	171	245	263	318	333	361	370	417	423	442	443	444	455	485	527	547	847	919	925	976	981	
24	27	953	997	
64	405	456	
86	290	620	
303	369	630	
159	209	631	
199	434	677	
107	702	932	
88	89	160	163	252	303	304	369	630	821	
322	335	794	
41	801	820	
1	16	42	45	80	87	152	169	173	184	187	209	210	212	222	226	227	249	253	254	255	256	290	296	300	355	356	365	371	405	489	490	495	531	607	641	642	748	932	
45	124	838	
290	567	843	
166	206	292	918	1000	
405	891	892	
466	893	971	
93	128	940	
20	21	728	885	887	
184	299	968	
158	159	209	210	233	234	235	236	237	240	241	242	243	244	319	926	927	930	931	963	
91	329	989	
2	56	58	59	63	194	305	412	845	865	
57	131	281	305	604	683	
49	50	70	71	84	152	162	217	288	431	432	433	612	
15	45	46	139	140	164	216	269	272	273	274	322	334	335	428	429	446	447	448	461	579	592	929	933	
49	50	70	71	152	217	288	431	432	433	612	
60	61	103	104	150	157	179	181	182	250	283	296	320	321	368	376	378	379	380	381	385	387	388	389	390	391	392	393	394	395	396	397	
27	28	30	37	229	721	
103	150	179	250	741	
13	66	90	91	108	110	111	112	143	258	328	329	357	375	469	474	476	477	478	514	
158	159	209	210	233	234	235	236	237	240	241	242	243	244	319	926	927	930	931	963	
5	55	56	63	281	305	718	
87	154	249	518	546	615	954	
66	90	91	108	110	112	143	328	329	357	375	469	474	476	477	478	514	
97	98	99	100	101	124	125	185	323	353	354	371	404	618	640	662	708	768	
2	3	4	6	54	55	56	57	58	59	63	89	126	131	132	137	138	174	192	193	194	195	208	252	271	281	285	286	305	408	412	481	520	552	586	685	698	738	803	809	812	826	832	845	859	880	949	990	
158	159	209	210	233	234	235	236	237	240	241	242	243	244	319	926	927	930	931	963	
40	47	48	76	113	114	171	245	263	318	333	361	370	417	423	442	443	444	455	485	527	547	847	919	925	976	981	
272	290	563	584	
300	375	405	828	889	
306	326	723	733	825	923	
66	90	91	108	110	111	112	143	328	329	357	375	469	474	476	477	478	514	
0	1	17	18	73	74	85	177	215	218	221	222	223	225	226	248	268	297	307	309	310	311	312	313	314	316	317	341	696	905	
97	98	99	100	101	124	125	185	323	353	354	371	404	618	640	662	708	768	
41	51	128	167	206	751	
174	183	252	285	420	854	
97	98	99	100	101	124	125	185	323	353	354	371	404	618	640	662	708	768	
87	94	128	593	917	918	974	
2	3	4	54	55	56	57	58	59	63	89	126	131	132	137	138	174	192	193	194	195	208	252	271	281	285	286	305	408	412	481	520	552	586	685	698	738	803	809	812	826	832	845	859	880	949	990	
115	116	123	135	136	165	169	170	251	336	337	338	339	437	438	455	753	816	860	900	914	978	987	
129	172	256	365	802	
47	48	76	113	114	171	245	263	318	333	361	370	417	423	442	443	444	455	485	527	547	847	919	925	976	981	
60	61	103	104	150	157	179	181	182	231	250	283	296	320	321	368	376	378	379	380	381	385	387	388	389	390	391	392	393	394	395	396	397	
23	24	25	26	27	28	29	30	31	32	33	34	35	36	37	38	39	40	47	48	113	115	116	135	136	151	165	169	170	171	251	261	336	337	338	339	361	367	370	417	437	438	443	455	545	588	590	
2	3	4	54	55	56	57	58	59	63	89	126	131	132	137	138	174	192	193	194	195	208	252	271	281	285	286	305	408	412	481	520	552	586	634	685	698	738	803	809	812	815	826	832	845	859	880	949	990	
134	340	482	521	553	554	598	766	
7	44	62	249	365	833	856	
15	45	46	139	140	164	216	269	272	273	274	322	334	335	428	429	446	447	448	461	579	592	929	933	
66	90	91	108	112	143	328	329	357	375	469	474	476	477	478	514	
179	181	182	368	376	397	632	719	841	869	
60	61	103	104	150	157	179	181	182	250	283	296	320	321	368	376	378	379	380	381	385	387	388	389	390	391	392	393	394	395	396	397	
286	329	356	410	486	490	
0	1	17	18	73	85	218	221	222	223	225	226	248	268	297	307	309	310	311	312	313	314	317	341	696	
117	127	163	243	288	613	614	619	747	756	
87	209	280	303	493	909	
94	128	197	205	593	936	955	
498	504	525	913	967	
7	8	9	12	19	141	161	213	247	264	265	266	267	332	358	359	374	406	407	441	452	466	499	500	502	504	506	510	525	529	566	569	570	573	608	661	674	699	700	707	720	754	823	856	
106	357	454	
7	8	9	11	12	19	141	161	213	247	264	265	266	267	332	358	359	374	406	407	441	452	466	499	500	502	504	506	510	525	529	566	569	570	573	602	608	661	666	674	699	700	707	720	754	823	856	
41	51	94	95	128	167	196	197	198	199	200	201	203	204	205	206	207	280	290	484	563	572	593	776	822	908	917	918	936	
9	141	213	332	359	362	421	451	452	466	487	488	496	499	506	529	558	602	922	
23	24	25	26	27	28	29	30	31	32	33	34	35	37	38	39	40	48	113	115	116	123	133	135	136	151	165	169	170	251	261	336	337	338	339	361	367	370	417	437	438	443	455	590	753	816	860	883	900	914	987	
249	282	283	518	559	577	769	
97	98	99	100	101	124	125	185	323	353	354	371	404	618	640	662	708	768	
15	45	46	139	140	164	216	269	272	273	274	322	334	335	428	429	446	447	448	461	579	592	929	933	
27	28	38	278	722	
23	409	545	785	
28	77	78	79	301	340	497	531	539	811	
300	375	405	828	889	
493	522	523	563	
511	681	682	
2	3	4	54	55	56	57	58	59	63	89	126	131	132	137	138	174	192	193	194	195	208	252	271	281	285	286	305	408	412	481	520	552	586	685	698	738	803	809	812	826	832	845	859	880	949	990	
20	92	885	887	
325	327	945	
261	470	986	
7	8	9	12	19	43	141	161	213	264	265	266	267	332	358	359	374	406	407	441	452	466	499	500	502	503	504	505	506	510	525	529	566	569	570	573	602	608	661	674	699	700	707	720	754	823	856	913	
40	47	48	76	113	114	171	245	263	318	333	361	370	417	423	424	442	443	444	455	485	527	547	847	919	925	976	981	
60	61	103	104	150	157	179	181	182	250	283	296	320	321	368	376	378	379	380	381	385	387	388	389	390	391	392	393	394	395	396	397	
2	3	4	54	55	56	57	58	59	63	89	126	131	132	137	138	174	192	193	194	195	208	252	271	281	285	286	303	305	408	412	481	520	552	586	685	698	738	803	809	812	826	832	845	859	880	949	990	
0	1	17	18	73	85	218	221	222	223	225	226	248	268	297	307	309	310	311	312	313	314	317	341	560	696	
23	27	28	30	31	32	35	40	75	115	116	119	123	135	136	151	165	169	170	251	261	336	337	338	339	361	367	417	437	438	455	470	753	816	860	900	914	978	987	
7	8	9	12	19	141	161	213	247	264	265	266	267	332	358	359	406	407	441	452	466	499	500	502	504	506	510	525	529	566	569	570	573	608	661	666	674	699	700	707	720	754	823	856	
7	8	9	12	19	141	161	213	247	264	265	266	267	358	359	360	441	452	499	504	506	510	525	566	569	570	573	608	661	666	674	700	707	754	823	856	957	
16	105	145	489	518	771	
168	172	232	275	280	291	399	401	403	413	426	440	450	457	458	493	515	526	542	543	562	568	600	714	813	840	
23	24	25	26	27	28	29	30	31	32	33	34	35	36	37	38	39	40	116	151	165	170	251	261	339	361	370	437	438	443	545	588	590	
0	1	17	18	73	85	218	221	222	223	225	226	248	268	297	307	309	310	311	312	313	314	317	341	696	
266	324	441	466	555	565	608	720	754	804	
142	158	159	209	210	233	234	235	236	237	240	241	242	243	244	319	373	926	927	930	931	963	
77	78	79	340	497	531	539	811	
122	149	157	178	179	180	214	262	278	284	343	344	345	346	347	349	350	351	352	483	656	681	851	
88	89	285	304	806	809	
54	59	132	192	303	807	
14	206	292	918	1000	
256	450	534	544	813	
139	140	273	422	461	819	
2	3	4	54	55	56	57	58	59	63	89	126	131	132	137	138	174	192	193	194	195	208	252	271	281	285	286	305	408	412	481	520	533	552	586	685	698	738	803	809	812	815	826	832	845	859	880	949	990	
23	24	25	26	27	28	29	30	31	32	33	34	35	36	37	38	39	40	47	48	113	114	115	116	135	136	151	165	169	170	171	245	251	261	263	318	336	337	338	339	361	367	370	417	427	437	438	442	443	455	494	545	547	588	590	816	860	914	
9	43	141	332	358	359	374	406	407	499	500	501	502	503	504	505	506	525	529	699	
168	172	275	280	291	399	401	403	413	426	450	458	493	515	526	542	543	544	585	600	714	813	817	
158	159	209	210	233	234	235	236	237	238	240	241	242	243	244	319	926	927	930	931	963	
16	17	23	28	41	42	46	80	81	87	105	114	115	128	137	145	147	152	153	154	163	165	169	170	173	174	180	184	187	210	212	249	254	255	256	269	283	290	296	300	303	329	333	340	351	355	356	357	363	365	367	371	375	393	404	405	422	427	473	474	490	492	495	513	518	531	612	615	638	642	828	896	932	
49	50	70	71	152	217	288	431	432	433	612	
168	172	176	270	275	280	291	292	399	401	403	413	426	450	458	486	493	515	526	542	543	544	585	600	611	714	813	
15	45	46	118	139	140	164	216	269	272	273	274	322	334	335	428	429	446	447	448	461	579	592	929	933	
518	559	769	
230	481	898	920	
41	51	94	95	128	167	196	197	198	199	200	201	204	205	206	207	593	776	908	917	918	
49	50	70	71	144	152	153	180	186	212	217	233	254	283	288	393	431	432	433	492	612	643	932	
7	8	9	19	43	141	213	264	265	332	358	359	374	406	407	452	466	499	500	501	502	503	504	505	506	525	529	569	661	699	707	720	765	856	
2	3	4	54	56	57	58	59	63	89	137	174	175	194	252	271	281	286	303	305	408	412	520	532	665	685	809	812	859	
2	3	58	59	217	273	601	665	812	859	886	
68	69	80	81	105	184	187	188	287	299	418	480	508	509	549	550	551	582	663	667	671	678	679	710	747	
49	50	70	71	87	152	153	155	212	217	288	393	431	432	433	612	643	
7	8	9	12	19	141	161	213	247	264	265	266	267	332	358	359	374	406	407	441	452	466	499	500	502	504	506	510	525	529	566	569	570	573	608	661	674	699	700	707	720	754	823	856	
7	12	19	61	161	247	264	265	266	267	324	358	441	452	555	565	566	569	570	608	661	666	674	700	707	720	754	804	823	856	
255	284	355	453	471	472	610	
68	69	80	81	184	187	188	287	299	418	460	480	508	509	550	551	663	667	671	679	710	747	952	
168	172	275	291	399	401	403	413	426	450	458	493	515	526	542	543	544	585	600	714	813	817	
69	81	509	710	713	952	
367	577	757	980	
157	178	180	214	278	343	345	346	350	351	352	483	681	851	
168	275	278	352	458	493	654	789	835	
68	69	80	81	105	184	187	188	287	299	418	459	480	508	509	550	551	663	667	671	678	679	710	747	952	
16	23	41	42	46	80	81	87	105	114	137	145	147	152	153	154	163	169	170	173	174	184	186	187	210	212	226	233	249	253	254	255	256	269	283	290	296	300	303	314	329	333	340	355	356	357	363	365	367	371	393	404	405	422	427	453	474	489	490	492	495	518	531	548	597	607	612	615	642	654	748	828	932	
41	51	94	95	128	167	196	197	198	199	200	201	204	205	206	207	593	776	908	917	918	
41	51	94	95	128	167	196	197	198	199	200	201	204	205	206	207	593	776	908	917	918	
10	20	173	259	260	306	325	326	327	400	538	723	728	733	777	825	923	
10	134	173	340	521	535	553	554	598	766	777	
0	1	17	18	73	85	218	221	222	223	225	226	248	268	297	307	309	310	311	312	313	314	317	341	696	
77	78	79	340	497	531	539	581	811	
213	362	451	487	488	496	529	558	602	
130	149	157	167	172	180	203	206	214	257	277	278	280	284	289	296	351	401	426	526	621	
16	20	42	68	69	80	81	87	105	108	114	137	145	169	170	184	187	188	190	210	212	249	253	254	255	256	283	287	299	300	303	329	355	356	357	363	365	371	375	405	418	474	480	490	495	508	509	518	550	551	607	663	667	671	679	710	747	896	932	
168	172	257	275	276	280	291	399	401	403	413	426	450	457	458	493	515	526	542	543	544	562	568	585	600	714	813	817	840	
41	51	94	95	128	167	196	197	198	199	200	201	204	205	206	207	593	776	908	917	918	
122	148	149	156	157	178	179	180	214	262	278	284	343	344	345	347	349	350	351	352	381	483	656	681	851	907	
66	90	91	108	110	111	112	143	328	329	357	375	469	474	476	477	478	514	
306	326	530	538	723	733	825	923	
7	8	9	12	19	141	161	213	247	264	265	266	267	358	359	360	441	452	466	499	500	504	506	510	525	529	566	569	570	573	608	661	666	674	700	707	754	823	856	957	
184	299	800	968	
10	20	69	173	259	260	306	325	326	327	400	538	564	723	728	733	777	825	923	
60	61	122	148	149	150	156	157	176	178	179	180	181	214	262	278	320	321	331	344	345	347	349	351	352	376	380	381	397	656	681	907	
158	159	209	210	233	234	235	236	237	240	241	242	243	244	319	810	926	927	930	931	963	
1	320	435	602	616	
367	577	578	757	980	
23	24	25	26	27	28	29	30	31	32	33	34	35	36	37	38	39	40	116	151	165	261	339	438	545	588	590	
168	290	350	484	515	563	572	593	694	706	822	936	939	
20	72	163	259	311	524	
30	40	115	116	123	135	136	151	165	169	170	251	261	336	337	338	339	437	438	470	491	531	548	745	753	816	860	900	914	978	987	
168	172	256	257	275	280	290	291	294	399	401	403	413	426	450	457	458	493	515	526	542	543	544	562	568	585	600	714	813	817	840	
1	320	602	616	
113	280	330	464	483	531	556	
15	45	46	139	140	164	216	269	272	273	274	322	334	335	428	429	446	447	448	461	579	592	695	929	933	
16	42	87	105	145	147	152	153	154	163	173	212	249	269	333	363	404	422	427	474	492	518	612	615	641	654	669	783	932	946	954	
246	441	649	729	
156	321	414	645	697	
0	1	17	18	73	85	218	221	222	223	225	226	248	268	297	307	309	310	311	312	313	314	317	341	696	
17	218	222	253	315	495	519	537	
40	47	48	76	113	114	171	245	263	318	333	361	370	417	423	442	443	444	455	485	527	547	847	919	925	976	981	
113	280	330	464	483	531	556	
614	742	756	
332	706	813	836	
52	621	781	
69	325	509	958	962	
68	69	80	81	105	184	187	188	287	299	375	418	480	508	509	550	551	663	667	671	678	679	710	747	
58	262	344	347	814	
17	42	49	50	70	71	87	105	144	145	147	152	153	154	163	173	180	186	212	217	233	249	254	256	269	288	333	371	372	393	404	405	422	427	431	432	433	463	474	492	518	561	612	615	643	654	701	859	932	
0	1	17	18	73	85	218	221	222	223	225	226	248	268	297	307	309	310	311	312	313	314	317	696	758	
131	271	717	788	
53	61	465	615	627	667	707	809	
605	797	851	
15	45	46	139	140	164	216	269	272	273	274	322	334	335	428	429	446	447	448	461	579	592	624	735	929	933	950	
20	69	715	799	
18	206	415	851	852	
4	255	401	712	995	
