60 181 295 320 321 377 393 394 947 
4 63 252 285 408 412 625 
181 320 379 389 394 628 
156 157 214 278 343 345 346 350 351 396 681 
82 83 121 283 366 372 594 693 
88 89 285 304 806 809 
115 165 753 860 900 978 
180 191 342 348 349 
23 27 33 35 878 
412 520 812 859 991 
115 436 437 438 
96 115 338 439 
376 397 632 719 
209 233 234 637 
131 211 411 646 
185 353 404 709 
69 81 509 713 
102 516 517 743 
134 340 521 766 
257 294 413 426 457 526 562 568 714 840 
340 419 445 848 
65 401 425 870 874 
114 333 417 895 
262 903 907 
81 189 222 911 
33 47 48 113 263 423 444 527 725 847 925 976 981 983 
24 27 953 997 
64 405 456 
86 290 620 
303 369 630 
159 209 631 
199 434 677 
107 702 932 
88 89 123 160 163 251 270 302 303 304 369 611 630 821 882 
322 335 794 
41 801 820 
163 268 495 541 641 748 
45 124 838 
290 567 843 
166 292 1000 
405 891 892 
466 893 971 
93 128 940 
20 21 259 728 885 887 
184 299 968 
132 158 210 237 241 242 243 599 708 926 927 930 931 963 977 
91 329 989 
2 56 58 59 63 194 305 845 865 
57 131 281 683 
49 50 70 71 84 152 162 217 288 431 432 433 
15 46 140 164 269 322 446 447 448 461 592 735 
70 186 212 372 431 932 
60 61 103 104 150 157 179 181 182 250 283 296 320 321 368 376 378 379 380 381 384 385 387 388 389 390 391 392 393 394 395 396 397 
28 30 37 229 721 
103 150 179 250 741 
13 66 90 91 108 110 111 112 143 258 328 329 375 469 474 476 477 478 514 
158 159 209 210 233 234 235 236 237 240 241 242 243 244 319 926 927 930 931 963 
5 55 56 281 305 718 
87 154 249 518 546 615 954 
66 90 91 108 111 112 329 375 469 474 476 477 478 514 
97 98 99 100 101 124 125 185 323 353 354 371 404 618 640 662 708 768 
2 3 4 6 58 59 192 193 194 195 252 408 685 803 812 826 832 859 990 1001 
158 159 210 233 234 235 236 237 240 241 242 243 926 927 930 931 963 
38 40 116 245 318 339 370 443 486 547 725 
272 290 563 584 
300 375 405 828 889 
306 326 723 733 825 923 
66 108 110 111 474 478 
17 74 177 215 218 222 248 297 309 311 316 341 905 
97 98 99 100 101 124 125 185 323 353 354 371 404 618 640 708 768 935 
51 167 206 751 
174 183 420 854 
99 100 125 640 937 
94 128 593 917 918 974 
2 3 4 54 55 56 57 58 59 63 126 131 132 137 138 174 195 208 252 271 281 285 286 305 412 481 520 552 685 698 738 809 859 880 949 
116 123 135 136 165 169 170 251 336 337 338 339 437 438 455 753 816 860 900 914 978 987 
129 172 256 365 802 
47 48 76 113 114 171 245 263 318 333 361 370 417 423 442 443 444 455 485 527 547 847 919 925 976 981 
60 61 103 150 157 179 182 231 283 296 321 378 379 380 385 387 388 389 390 392 393 395 396 
32 39 336 337 339 883 
126 137 208 286 520 634 635 812 
134 340 482 521 553 554 598 
7 44 62 249 365 833 856 
15 45 46 139 140 164 216 269 272 273 274 322 334 335 428 429 446 447 448 461 579 592 929 933 
90 143 327 328 357 514 
182 368 376 397 632 719 841 869 
61 104 250 296 368 387 390 392 395 489 528 588 644 
286 356 410 486 490 
17 18 218 226 248 297 307 309 317 696 
117 127 288 613 614 619 747 756 
87 280 493 909 
197 205 936 955 
498 504 525 913 967 
9 43 141 213 332 358 374 406 407 452 466 499 500 501 502 503 504 505 506 525 529 699 
106 357 454 
7 8 9 11 12 19 141 161 213 247 264 265 267 293 358 359 360 441 452 506 510 525 566 569 570 573 661 666 674 700 707 754 823 856 957 
381 391 426 572 776 936 939 
141 362 421 451 466 487 488 496 529 922 
30 31 116 123 133 135 136 151 169 170 251 336 337 338 361 437 816 860 900 914 987 
282 518 559 769 
97 98 101 102 300 323 371 617 618 662 
15 45 46 139 164 216 269 272 273 274 334 335 428 429 446 447 448 579 592 676 929 933 
28 38 278 722 
23 409 545 785 
77 297 301 307 347 429 445 557 696 848 857 
300 828 889 
493 522 523 563 
511 681 682 
80 138 230 663 679 815 866 880 921 949 
20 92 885 887 
325 327 945 
261 470 986 
264 266 332 374 406 407 499 500 501 502 504 505 565 608 699 720 804 
47 48 76 113 114 171 245 263 318 333 361 417 423 424 442 443 444 455 485 527 547 847 919 925 976 981 
104 130 363 384 388 
57 126 138 208 271 481 698 815 845 880 921 
36 39 73 75 148 161 224 268 313 328 341 372 386 468 496 560 623 655 
75 76 119 151 170 261 427 470 655 753 914 986 
7 8 9 12 19 161 247 264 265 267 359 441 452 566 569 570 661 666 674 700 707 823 856 
213 359 360 700 707 913 951 957 
16 105 145 489 518 771 
168 172 232 275 399 401 413 426 440 450 457 458 493 515 526 542 543 562 568 714 813 840 
23 24 25 26 27 28 29 30 31 32 33 34 35 36 37 38 39 40 151 165 261 438 545 588 590 
0 1 17 18 73 85 218 221 223 226 248 268 307 309 310 312 313 314 317 
266 324 555 565 608 720 754 804 
142 145 239 373 552 571 591 
77 78 79 497 531 539 811 
122 149 176 178 344 351 352 483 575 656 851 
88 89 304 369 699 806 809 845 924 
54 132 192 303 807 
14 292 918 1000 
256 450 534 544 813 
139 140 273 422 461 819 
102 192 193 194 195 408 516 517 533 743 803 826 832 990 1001 
25 26 75 153 287 298 470 484 494 510 536 539 576 590 662 690 953 
43 358 374 406 407 499 502 503 505 506 
168 172 275 291 399 403 413 450 458 526 542 543 
236 238 244 587 832 
16 42 105 147 152 153 169 212 249 254 255 256 284 355 422 453 471 472 473 490 492 513 607 610 638 642 932 
49 50 70 71 152 217 288 431 432 433 612 
270 486 515 611 
118 279 326 651 748 
559 769 
230 481 898 920 
41 51 94 95 128 167 196 197 198 199 200 201 204 205 206 207 593 776 908 917 918 
144 145 186 212 254 492 615 
8 246 293 365 430 500 672 720 765 912 
3 54 137 174 175 532 665 685 
601 665 886 
68 69 80 81 105 184 187 188 299 418 480 508 549 550 551 582 663 667 671 678 679 710 747 
49 50 71 87 153 155 217 433 612 643 
12 19 266 267 324 430 510 565 608 661 674 754 804 823 
246 247 293 298 430 649 729 765 
42 255 284 472 642 
68 80 187 188 460 508 551 663 671 679 
168 544 585 600 706 
509 540 710 952 
363 364 367 577 757 980 
178 180 214 278 343 345 346 347 350 351 352 681 
275 458 654 789 835 
42 187 188 190 253 287 418 459 467 508 710 
596 597 651 
198 203 204 277 289 291 294 621 829 
10 31 95 143 196 201 229 469 484 548 572 714 822 
10 173 259 260 306 325 327 400 416 535 554 728 733 777 
10 29 134 173 521 535 553 554 728 777 
1 85 221 226 310 314 317 726 872 
77 78 79 445 497 531 539 581 811 
362 451 487 488 496 529 558 
130 149 180 277 280 284 289 621 
112 356 357 400 471 480 582 589 671 690 
130 257 276 544 568 
41 51 94 95 167 196 197 198 199 200 201 202 203 204 206 207 593 776 908 917 
122 149 176 178 262 344 352 380 381 656 
0 67 120 146 601 779 
306 326 530 538 723 733 825 923 
566 666 913 951 957 
184 287 298 299 418 536 551 800 
22 190 453 564 589 607 686 
148 224 225 312 314 331 349 402 468 
235 244 319 422 610 810 
147 154 435 602 616 647 
367 577 578 757 980 
24 25 26 29 32 34 35 37 40 171 545 588 590 953 997 
292 350 484 515 563 572 694 706 822 936 
72 163 259 311 524 
117 127 378 453 490 491 497 548 745 816 892 
203 214 257 291 294 345 346 399 403 457 542 543 
1 602 616 
219 330 464 483 556 727 
147 227 253 349 489 528 644 695 
16 154 495 615 641 654 669 748 783 946 
246 441 649 729 
156 414 645 697 
148 221 223 224 225 468 
222 227 253 315 495 519 537 
22 127 686 
73 223 280 330 464 483 531 556 727 
614 742 756 
332 706 813 836 
52 621 781 
69 325 509 958 962 
68 274 311 400 480 492 627 667 678 747 
262 344 347 814 
308 462 463 561 586 701 
0 79 85 120 146 758 
271 717 788 
53 465 667 
605 797 851 
254 427 428 624 651 950 
20 715 799 
18 415 851 852 
255 401 712 995 
