60	181	295	320	321	377	393	394	947	
4	63	252	285	408	412	625	
181	295	320	379	389	394	628	
60	61	103	104	150	157	179	181	182	250	283	295	296	320	321	368	376	377	378	379	380	381	384	385	387	388	389	390	391	392	393	394	395	396	397	
82	83	84	121	283	366	372	594	693	
88	89	285	304	806	809	
115	165	753	860	900	978	
180	191	342	348	349	
23	27	33	35	878	
412	520	812	859	991	
115	436	437	438	
96	115	338	439	
376	397	632	719	
209	233	234	637	
131	211	411	646	
185	353	404	709	
69	81	509	713	
102	516	517	743	
134	340	521	766	
14	65	93	129	133	168	172	183	232	257	275	280	291	294	399	401	403	413	425	426	440	450	457	458	493	515	526	542	543	562	568	600	714	813	840	
340	419	445	848	
65	401	425	870	874	
114	333	417	895	
191	262	903	907	
81	189	222	911	
40	47	48	76	96	113	114	171	245	263	318	333	361	370	417	423	442	443	444	455	485	527	547	847	919	925	976	981	
24	27	953	997	
64	405	456	
86	290	620	
303	369	630	
159	209	631	
199	434	677	
107	702	932	
160	163	821	
322	335	794	
41	801	820	
16	82	142	154	420	424	654	669	783	
45	124	838	
290	567	843	
160	166	882	
405	891	892	
466	893	971	
93	128	940	
20	21	92	728	885	887	
184	299	968	
158	159	209	210	233	234	235	236	237	238	240	241	242	243	244	319	926	927	930	931	963	
91	329	989	
2	56	58	59	63	194	305	412	845	865	
57	131	211	281	305	411	604	646	683	
49	50	70	71	83	84	121	152	162	217	288	431	432	433	612	
15	45	46	139	140	164	216	269	272	273	274	322	334	335	428	429	446	447	448	461	579	592	929	933	
23	28	30	31	32	40	75	96	115	116	119	123	135	136	151	165	169	170	251	261	336	337	338	339	367	427	437	438	455	470	753	816	860	900	914	987	
60	61	103	104	150	157	179	181	182	250	283	295	296	320	321	368	376	377	378	379	380	381	384	385	387	388	389	390	391	392	393	394	395	396	397	
27	28	30	37	229	721	
103	150	179	250	377	741	
13	66	90	91	108	110	111	112	143	258	328	329	357	375	469	474	476	477	478	514	
158	159	209	210	233	234	235	236	237	238	240	241	242	243	244	319	926	927	930	931	963	
5	55	56	63	281	305	718	
87	107	154	249	518	546	615	954	
66	90	91	108	110	111	112	143	258	328	329	357	375	469	474	476	477	478	514	
97	98	99	100	101	124	125	185	323	353	354	371	404	618	640	662	708	768	
2	3	4	6	54	55	56	57	58	59	63	89	126	131	132	137	138	160	174	193	194	195	208	211	252	271	281	285	286	305	408	411	412	481	520	552	586	685	698	738	803	809	812	826	832	845	859	880	949	990	
158	159	209	210	233	234	235	236	237	238	240	241	242	243	244	319	926	927	930	931	963	
40	47	48	76	96	113	114	171	245	263	318	333	361	370	417	423	442	443	444	455	485	527	547	847	919	925	976	981	
86	272	290	563	584	
300	375	405	828	889	
306	326	723	733	825	923	
66	90	91	108	110	111	112	143	258	328	329	357	375	469	474	476	477	478	514	
0	1	17	18	73	74	85	177	215	218	221	222	223	225	226	248	268	297	307	309	310	311	312	313	314	316	317	341	459	560	696	905	
97	98	99	100	101	124	125	185	323	353	354	371	404	618	640	662	708	768	
6	41	51	128	167	206	751	
82	174	183	252	420	854	
97	98	99	100	101	124	125	185	323	353	354	371	404	618	640	662	708	768	
87	94	128	593	820	917	918	974	
2	3	4	5	6	54	55	56	57	58	59	63	89	126	131	132	137	138	160	174	192	193	194	195	208	211	252	271	281	285	286	303	305	408	411	412	481	520	552	586	685	698	738	803	809	812	826	832	845	859	880	949	990	
30	96	115	116	123	135	136	165	169	170	251	336	337	338	339	437	438	455	753	816	860	900	914	978	987	
129	172	256	258	365	802	
47	48	76	96	113	114	171	245	263	318	333	361	370	417	423	442	443	444	455	485	527	547	847	919	925	976	981	
60	61	103	104	150	157	160	179	181	182	250	283	295	296	320	321	368	376	377	378	379	380	381	385	387	388	389	390	391	392	393	394	395	396	397	
13	23	26	27	28	29	30	31	32	35	38	39	40	47	93	96	113	115	116	123	133	135	136	151	165	169	170	251	261	336	337	338	339	361	370	409	417	437	438	443	455	464	816	860	883	900	
2	3	4	5	6	54	55	56	57	58	59	63	89	126	131	137	138	174	192	193	194	195	208	211	252	271	281	285	286	305	408	411	412	481	520	552	571	586	634	635	665	685	738	809	812	815	826	832	845	859	880	990	
84	86	134	340	482	521	553	554	598	
5	7	44	62	249	365	833	856	
15	45	46	139	140	164	216	269	272	273	274	322	334	335	428	429	446	447	448	461	579	592	929	933	
66	90	91	108	110	111	112	143	258	328	329	357	375	469	474	476	477	478	514	
181	182	368	376	397	632	719	841	869	
60	61	103	104	150	157	179	181	182	250	283	295	296	320	321	368	376	377	378	379	380	381	384	385	387	388	389	390	391	392	393	394	395	396	397	
258	286	356	410	486	490	
0	1	17	18	73	74	85	177	215	218	221	222	223	225	226	248	268	297	307	309	310	311	312	313	314	316	317	341	459	560	696	905	
117	127	163	243	288	537	613	614	619	747	756	793	
87	129	183	209	280	303	493	546	909	
94	128	197	205	593	820	936	955	
44	498	504	525	913	967	
9	43	44	332	358	374	406	407	499	500	501	502	503	504	505	506	525	529	699	
62	82	106	107	189	258	279	357	454	
7	8	9	11	12	19	44	141	161	213	246	247	264	265	266	267	293	332	358	359	360	374	406	407	421	430	441	452	466	498	499	500	502	504	506	510	525	529	566	569	570	573	608	661	674	699	700	707	720	754	765	823	856	971	
41	51	94	95	128	167	196	197	198	199	200	201	203	204	205	206	207	593	776	820	908	917	918	
141	362	421	466	487	488	496	498	499	529	922	
115	116	123	135	136	165	169	170	251	336	337	338	339	437	438	455	753	816	860	900	914	978	987	
142	166	218	249	282	301	366	518	559	577	596	597	
97	98	99	100	101	124	125	185	323	353	354	371	404	618	640	662	708	768	
15	45	46	139	140	164	216	269	272	273	274	322	334	335	428	429	446	447	448	461	579	592	929	933	
27	28	38	278	722	
13	23	409	545	785	
15	45	46	139	140	164	216	269	272	273	274	322	334	335	428	429	446	447	448	461	579	592	929	933	
300	375	405	828	889	
493	522	523	563	
191	511	681	682	
230	481	898	
20	92	885	887	
325	327	409	945	
261	411	470	986	
7	8	9	11	12	19	44	141	161	213	247	264	265	266	267	332	358	359	360	374	406	407	421	441	452	466	498	499	500	502	504	506	510	525	529	566	569	570	573	602	608	661	674	699	700	707	720	754	823	856	971	
47	48	76	96	113	114	171	245	263	318	333	361	370	417	423	442	443	444	455	485	527	547	847	919	925	976	981	
52	537	621	781	
2	3	4	5	6	54	55	56	57	58	59	63	89	126	131	132	137	138	160	174	192	193	194	195	208	211	252	271	281	285	286	303	305	408	411	412	481	520	552	586	685	698	738	803	809	812	826	832	845	859	880	949	990	
0	1	17	18	73	74	85	177	215	218	221	222	223	225	226	248	268	297	307	309	310	311	312	313	314	316	317	341	459	560	696	905	
40	75	116	119	151	170	261	367	427	470	655	753	816	914	980	
7	8	9	11	12	19	44	141	161	213	247	264	265	266	267	332	358	359	360	406	407	421	441	452	466	498	499	500	502	504	506	510	525	529	566	569	570	573	602	608	661	666	674	699	700	707	720	754	823	856	971	
141	213	359	360	666	913	951	957	
13	16	64	105	106	145	489	518	771	
14	65	93	129	133	168	172	183	232	257	275	280	291	294	399	401	403	413	425	426	440	450	457	458	493	515	526	542	543	562	568	600	714	813	840	
13	23	24	25	26	27	28	29	30	31	32	33	34	35	36	37	38	39	40	48	93	113	116	133	135	151	165	169	170	171	251	261	338	339	361	367	370	409	417	437	438	443	545	588	590	
0	1	17	18	73	74	85	177	215	218	221	222	223	225	226	248	268	297	307	309	310	311	312	313	314	316	317	341	459	560	696	905	
11	12	19	161	264	265	266	267	324	441	466	555	565	608	720	754	804	971	
83	107	142	145	419	591	
62	77	78	79	340	497	531	539	581	811	
13	122	130	149	156	157	178	179	180	191	214	231	262	278	284	342	343	344	345	347	349	350	351	352	377	483	575	656	681	851	907	
88	89	285	304	806	809	
5	54	132	192	211	303	807	
14	166	206	232	292	918	1000	
256	440	450	534	544	813	
139	140	273	422	461	819	
2	3	4	5	6	54	55	56	57	58	59	63	89	126	131	132	137	138	160	174	192	193	194	195	208	211	252	271	281	285	286	305	408	411	412	481	520	552	586	685	698	738	803	809	812	826	832	845	859	880	949	990	
13	23	24	25	26	27	28	29	30	31	32	33	34	35	36	37	38	39	40	113	116	151	165	261	339	361	370	409	438	545	588	590	
7	9	43	44	332	358	374	406	407	499	500	501	502	503	504	505	506	525	529	699	
65	93	129	133	168	172	183	232	257	275	280	291	399	401	403	413	425	426	434	440	450	457	458	493	515	526	542	543	544	562	568	600	714	813	840	
158	159	209	210	233	234	235	236	237	238	240	241	242	243	244	319	926	927	930	931	963	
16	17	20	21	23	28	41	42	46	62	64	68	80	81	82	83	86	87	105	106	107	114	115	121	129	132	137	142	145	147	152	153	154	155	160	163	166	169	170	173	174	180	183	184	187	188	210	212	226	233	236	249	253	254	255	256	269	280	282	283	290	296	300	301	303	329	333	340	355	356	357	363	365	366	367	371	375	393	404	405	419	420	422	424	427	434	453	460	473	474	489	490	493	494	495	513	518	531	533	546	612	615	642	828	859	932	
49	50	70	71	83	84	121	152	162	217	288	431	432	433	612	
65	172	176	177	178	231	270	275	278	292	389	413	419	426	440	450	458	484	486	515	526	611	623	789	
118	173	254	282	301	366	420	427	511	546	596	597	624	651	810	932	950	
62	107	559	769	
230	435	481	898	
41	51	94	95	128	167	196	197	198	199	200	201	203	204	205	206	207	593	776	820	908	917	918	
84	121	144	145	152	166	186	212	254	256	283	433	434	492	518	546	615	
8	11	43	44	293	332	358	374	406	407	452	498	499	500	501	502	503	504	505	506	525	569	661	765	856	
3	15	58	137	174	175	252	288	532	665	685	
2	3	58	59	217	273	366	601	665	812	859	886	
21	68	69	80	81	105	106	142	184	187	188	189	287	299	418	473	480	508	509	533	549	550	551	582	663	667	671	679	710	747	
49	50	70	71	83	84	87	121	152	153	162	217	288	393	431	432	433	612	643	654	
7	8	9	11	12	19	141	161	213	247	264	265	266	267	358	359	360	441	452	466	498	499	504	506	510	525	566	569	570	573	608	661	666	674	700	707	720	754	804	823	856	957	971	
7	8	9	11	12	19	141	161	213	247	264	265	266	267	324	358	359	360	441	452	466	498	555	565	566	569	570	573	608	661	666	674	700	707	720	754	804	823	856	957	971	
255	284	295	355	453	471	472	610	
68	69	80	81	105	184	187	188	189	287	299	418	473	480	508	509	533	549	550	551	582	663	667	671	679	710	747	
168	172	292	389	450	523	544	585	600	706	813	836	
69	81	509	710	713	952	
367	577	757	980	
157	178	180	191	214	278	342	343	345	346	350	351	352	483	681	851	
65	401	425	870	874	
68	69	80	81	105	184	187	188	189	190	287	299	418	473	480	508	509	533	549	550	551	582	663	667	671	679	710	747	
218	282	301	366	596	597	
14	168	203	231	277	280	289	290	523	829	
86	272	290	484	563	572	584	620	822	936	
10	20	21	92	173	259	260	306	325	326	327	400	538	723	728	733	777	825	923	
86	134	340	482	521	535	553	554	598	766	777	
0	1	17	18	73	74	85	177	215	218	221	222	223	225	226	248	268	297	307	309	310	311	312	313	314	316	317	341	459	560	696	905	
62	77	78	79	340	419	445	482	497	531	539	581	811	848	
9	332	359	362	421	451	452	487	488	496	529	558	922	
52	130	149	167	180	214	231	257	277	278	284	342	425	426	537	621	692	781	
16	17	20	21	41	42	46	62	64	68	74	80	82	83	86	87	105	106	107	114	121	137	142	145	147	152	153	154	155	163	166	169	173	183	184	187	188	210	212	215	223	226	233	249	253	254	255	256	269	282	283	290	296	300	301	303	329	333	340	355	356	357	363	365	366	367	371	393	404	405	419	420	422	424	427	434	453	473	474	490	492	494	495	509	513	518	531	533	546	589	607	612	615	642	671	747	828	932	
14	65	93	129	130	133	167	168	172	176	203	206	214	231	232	257	275	277	278	280	284	291	292	294	342	399	401	403	413	425	426	434	440	450	457	458	486	493	515	526	542	543	562	568	621	714	813	840	
41	51	94	95	128	167	196	197	198	199	200	201	203	204	205	206	207	593	776	820	908	917	918	
122	148	149	156	157	176	177	178	180	191	231	262	342	344	347	349	352	380	381	656	814	
146	549	779	820	
173	306	326	538	723	733	777	825	923	
7	8	11	12	19	141	161	213	247	264	265	267	359	360	362	421	430	441	451	452	496	506	529	558	566	569	570	602	661	666	674	700	707	754	823	856	956	957	971	
69	80	184	189	190	287	298	299	418	473	508	509	536	549	551	710	968	969	
16	21	42	45	46	62	82	83	87	105	106	107	114	121	124	142	145	152	153	154	155	166	169	173	210	212	249	254	255	256	258	269	282	296	300	329	333	355	356	363	365	366	371	375	404	405	419	420	424	434	473	474	489	490	495	513	518	531	546	589	612	638	642	748	828	889	892	896	932	
122	148	149	156	157	179	180	191	231	262	278	342	344	347	348	349	377	656	903	907	
158	159	209	210	233	234	235	236	237	238	240	241	242	243	244	319	926	927	930	931	963	
95	230	435	920	942	
367	577	757	980	
13	23	24	25	26	27	28	29	30	31	32	33	34	35	36	37	38	39	40	151	165	261	339	409	438	545	588	590	
14	86	167	168	206	232	290	292	350	484	494	515	563	572	593	822	936	939	
20	21	72	92	106	163	259	311	524	
117	127	163	170	378	390	453	490	491	497	548	607	624	695	753	816	892	
65	93	129	133	168	172	183	232	257	275	291	399	401	403	413	425	426	440	450	457	458	493	515	526	542	543	544	562	568	600	714	813	840	
1	320	435	459	533	602	616	
30	74	314	331	464	483	541	727	764	
5	6	64	191	271	373	392	489	528	644	
16	82	142	154	163	282	420	424	641	654	669	783	946	
246	421	430	441	649	729	765	
156	321	414	415	645	697	
0	1	17	18	64	73	74	85	148	215	218	221	222	223	224	226	256	268	309	310	313	314	316	317	365	468	495	560	
20	222	227	253	315	405	495	519	537	695	
10	22	35	126	158	245	263	300	301	338	356	381	480	531	564	589	638	686	
14	113	232	280	330	464	483	531	556	
106	613	614	742	756	
332	523	706	813	836	
52	537	621	781	
325	958	962	
68	69	80	81	105	184	187	188	189	190	287	299	418	473	480	508	509	533	549	550	551	582	663	667	671	679	710	747	
52	262	344	347	814	
2	3	4	6	57	59	87	145	147	194	212	249	254	256	272	308	408	422	424	430	460	462	513	545	586	587	612	615	701	832	932	
41	51	94	95	128	167	196	197	198	199	200	201	204	205	206	207	557	593	751	776	820	908	917	918	955	
131	215	271	295	459	717	788	
53	61	155	189	316	465	519	549	615	627	667	707	786	809	
414	605	797	851	
15	45	46	118	139	140	164	173	216	254	269	272	282	301	409	420	424	427	428	434	461	474	511	546	596	597	624	651	812	932	
20	21	69	84	715	799	
156	321	414	415	645	697	
4	255	401	712	995	
