60	181	295	320	321	377	393	394	947	
4	63	252	285	408	412	625	
181	295	320	379	389	394	628	
157	178	180	191	214	231	278	342	343	345	346	350	351	352	483	681	851	
82	83	121	283	366	372	594	693	
88	89	285	304	806	809	
115	165	753	860	900	978	
180	191	342	348	349	
23	27	33	35	878	
412	520	812	859	991	
115	436	437	438	
96	115	338	439	
376	397	632	719	
209	233	234	637	
131	211	411	646	
185	353	404	709	
69	81	509	713	
102	516	517	743	
134	340	521	766	
14	65	93	129	133	168	172	183	232	257	275	280	291	399	401	403	413	425	426	440	450	457	458	493	515	526	542	543	544	562	568	600	714	813	840	
340	419	445	848	
65	401	425	870	874	
114	333	417	895	
191	262	903	907	
81	189	222	911	
47	48	76	96	113	114	171	245	263	318	333	361	370	417	423	442	443	444	455	485	527	547	847	919	925	976	981	
24	27	953	997	
64	405	456	
86	290	620	
303	369	630	
159	209	631	
199	434	677	
107	702	932	
160	163	821	
322	335	794	
41	801	820	
16	82	142	154	420	424	641	654	669	783	
45	124	838	
290	567	843	
160	166	882	
405	891	892	
466	893	971	
93	128	940	
20	21	92	728	885	887	
184	299	968	
158	159	209	210	233	234	235	236	237	238	240	241	242	243	244	926	927	930	931	963	
91	329	989	
2	56	58	59	194	305	845	865	
57	131	281	683	
49	50	70	71	83	84	121	152	162	217	288	431	432	433	612	
15	45	46	139	140	164	216	269	272	273	274	322	334	335	428	429	446	447	448	461	579	592	735	929	933	
40	48	75	96	116	119	135	151	169	170	261	367	427	437	470	655	753	816	860	900	914	980	
60	61	103	104	150	157	160	179	181	182	250	283	295	296	320	321	368	376	377	378	379	380	381	385	387	388	389	390	391	392	393	394	395	396	397	
28	30	37	229	721	
103	150	179	250	377	741	
13	66	90	91	108	110	111	112	143	258	328	329	357	375	469	474	476	477	478	514	
158	159	209	210	233	234	235	236	237	238	240	241	242	243	244	319	926	927	930	931	963	
5	55	56	63	281	305	718	
87	107	154	249	518	546	615	954	
66	90	91	108	110	111	112	143	258	328	329	357	375	469	474	476	477	478	514	
97	98	99	100	101	124	125	185	323	353	354	371	404	618	640	662	708	768	
2	3	4	5	6	54	55	56	57	58	59	63	89	126	131	132	137	138	174	192	193	194	195	208	211	252	271	281	285	286	305	408	411	412	481	520	552	586	685	698	738	803	809	812	826	832	845	859	880	949	990	1001	
158	159	209	210	233	234	235	236	237	238	240	241	242	243	244	319	926	927	930	931	963	
40	47	48	76	96	113	114	171	245	263	318	333	339	361	370	417	423	442	443	444	455	485	527	547	725	847	919	925	976	981	
86	272	290	563	584	
300	375	405	828	889	
306	326	723	733	825	923	
66	90	91	108	110	111	112	143	258	328	329	357	375	469	474	476	477	478	514	
0	1	17	18	73	74	85	177	215	218	221	222	223	226	248	268	297	309	311	313	316	317	341	459	560	696	905	
97	98	99	100	101	124	125	185	323	353	354	371	404	618	640	662	708	768	
6	41	51	128	167	206	751	820	
82	174	183	252	420	854	
64	97	98	99	100	101	124	125	185	323	353	354	371	404	618	640	708	768	937	
41	51	94	95	128	167	197	199	200	201	204	205	593	820	908	917	918	955	974	
2	3	4	5	6	54	55	56	57	58	59	63	89	126	131	132	137	138	160	174	192	193	194	195	208	211	252	271	281	285	286	303	305	408	411	412	481	520	552	586	685	698	738	803	809	812	826	832	845	859	880	949	990	
115	116	123	135	136	165	169	170	251	336	337	338	339	437	438	455	753	816	860	900	914	978	987	
129	172	256	258	365	802	
47	48	76	96	113	114	171	245	263	318	333	361	370	417	423	442	443	444	455	485	527	547	847	919	925	976	981	
60	61	103	104	150	157	160	179	181	182	250	283	295	296	320	321	368	376	377	378	379	380	381	385	387	388	389	390	391	392	393	394	395	396	397	
23	30	32	39	93	116	133	135	136	169	170	251	336	337	338	409	437	464	883	
2	57	126	137	208	286	520	634	635	812	
84	86	134	340	482	521	553	554	598	
5	7	44	62	249	365	833	856	
15	45	46	139	140	164	216	269	272	273	274	322	334	335	428	429	446	447	448	461	579	592	929	933	
66	90	91	108	110	111	112	143	258	328	329	375	469	474	476	477	478	514	
182	376	397	632	719	841	869	
60	61	103	104	150	157	179	181	182	250	283	295	296	320	321	368	376	377	378	379	380	381	384	385	387	388	389	390	391	392	393	394	395	396	397	
107	258	286	356	410	486	490	
0	17	18	73	74	85	215	218	221	222	226	248	297	307	309	310	311	314	316	317	341	696	872	
117	127	243	288	537	613	614	619	747	756	793	
87	129	183	280	303	493	546	909	
94	197	205	593	936	955	
44	498	504	525	913	967	
9	43	44	332	358	374	406	407	499	500	501	502	503	504	505	506	525	529	699	
106	357	454	
7	8	9	11	12	19	44	141	161	213	247	264	265	266	267	332	358	359	374	406	407	421	441	452	466	498	499	500	502	504	506	510	525	529	566	569	570	573	602	608	661	674	699	700	707	720	754	823	856	971	
51	94	95	167	196	197	198	199	200	203	204	206	207	290	294	350	484	563	572	593	776	822	908	917	918	936	
141	362	421	466	487	488	496	498	499	529	922	
115	116	123	135	136	165	169	170	251	336	337	338	339	437	438	455	753	816	860	900	914	978	987	
142	166	282	301	366	518	559	577	596	597	
97	98	99	100	101	124	125	185	323	353	354	371	404	618	640	662	708	768	
15	45	46	139	140	164	216	269	272	273	274	322	334	335	428	429	446	447	448	461	579	592	929	933	
27	28	38	278	722	
13	23	409	545	785	
15	45	46	139	140	164	216	269	272	273	274	322	334	335	428	429	446	447	448	461	579	592	929	933	
300	375	405	828	889	
493	522	523	563	
191	511	681	682	
230	481	898	
20	92	885	887	
325	327	409	945	
261	411	470	986	
7	8	9	11	12	19	43	44	141	161	213	247	264	265	266	267	332	358	359	374	406	407	421	441	452	466	498	499	500	502	504	506	510	525	529	566	569	570	573	602	608	661	674	699	700	707	720	754	823	856	971	
47	48	76	96	113	114	171	245	263	318	333	361	370	417	423	442	443	444	455	485	527	547	847	919	925	976	981	
52	537	621	781	
2	3	4	5	6	54	55	56	57	58	59	63	89	126	131	132	137	138	160	174	193	194	195	208	211	252	271	281	285	286	303	305	408	411	412	481	520	552	586	685	698	738	809	815	826	832	845	859	880	949	990	
0	1	17	18	73	74	85	177	215	218	221	222	223	225	226	248	268	297	307	309	310	311	312	313	314	316	317	341	459	560	696	905	
40	75	119	151	261	367	427	470	655	753	757	816	980	
7	8	9	11	12	19	141	161	213	247	264	265	266	267	358	359	360	441	452	466	498	499	525	566	569	570	573	608	661	666	674	700	707	754	823	856	957	
7	11	12	19	141	161	213	247	264	265	267	359	360	441	452	566	569	570	661	666	700	707	823	951	957	
13	16	64	105	106	145	489	518	771	
14	65	93	129	133	168	172	183	232	257	275	280	291	294	399	401	403	413	425	426	440	450	457	458	493	515	526	542	543	562	568	600	714	813	840	
13	23	24	25	26	27	28	29	30	31	32	33	34	35	36	37	38	39	40	93	113	116	151	165	261	339	361	370	409	417	438	443	545	588	590	
0	1	17	18	73	74	85	177	215	218	221	222	223	225	226	248	268	297	307	309	310	311	312	313	314	316	317	341	459	560	696	905	
11	266	324	441	466	555	565	608	720	754	804	971	
142	145	238	239	243	286	373	408	552	571	591	
62	77	78	79	497	531	539	581	811	
122	149	176	177	178	180	214	231	262	278	284	342	343	344	345	347	350	351	352	483	575	656	681	851	
88	89	285	304	806	809	
5	54	132	192	211	303	807	
14	166	206	232	292	918	1000	
256	440	450	534	544	813	
139	140	273	422	461	819	
2	3	4	6	54	55	56	57	58	59	63	89	137	174	192	193	194	195	208	211	252	271	281	305	408	411	412	520	685	803	809	812	826	832	845	859	990	1001	
13	23	24	25	26	27	28	29	30	31	32	33	34	35	36	37	38	39	40	151	165	261	339	409	438	545	588	590	
9	43	44	332	358	374	406	407	499	500	501	502	503	504	505	506	525	529	699	
14	93	129	133	168	172	183	275	280	291	292	399	403	413	426	434	440	450	458	493	515	526	542	543	544	585	600	714	813	817	
158	159	209	210	233	234	235	236	237	238	240	241	242	243	244	319	926	927	930	931	963	
16	17	20	21	28	42	46	62	68	80	82	83	86	87	105	106	107	114	115	121	142	144	145	147	152	153	154	155	163	166	169	170	173	183	186	187	210	212	226	233	249	253	254	255	256	269	282	283	290	296	300	303	329	333	340	351	355	356	363	365	366	367	371	404	405	419	420	422	424	427	434	453	460	473	474	489	490	492	494	495	513	518	531	533	546	548	589	607	612	615	642	748	828	932	
49	50	70	71	83	84	121	152	162	217	288	431	432	433	612	
64	65	129	168	172	176	200	202	232	275	292	413	419	426	440	450	458	486	515	526	542	543	562	611	623	714	813	840	
118	227	254	282	301	460	495	511	596	597	607	651	695	748	756	810	932	
62	107	559	769	
230	481	898	
41	51	94	95	128	167	196	197	198	199	200	201	203	204	205	206	207	593	776	820	908	917	918	
121	144	145	152	166	186	212	254	433	434	492	546	615	
8	161	246	249	293	362	365	421	430	504	506	530	538	672	765	856	
3	15	137	174	175	288	532	665	685	
3	58	59	217	273	366	601	665	812	859	886	
68	69	80	81	105	106	142	184	187	188	189	190	287	299	418	473	480	508	509	533	549	550	551	582	663	667	671	679	710	747	
49	50	70	71	83	84	87	152	153	162	217	288	393	431	432	433	612	643	654	
7	8	9	11	12	19	141	161	213	247	264	265	266	267	358	359	360	441	452	498	506	510	566	569	570	573	608	661	666	674	700	707	754	823	856	957	971	
264	266	324	555	565	608	674	720	754	804	971	
42	49	50	62	70	71	82	83	84	87	105	107	121	144	145	147	152	153	154	155	162	163	166	173	186	187	212	217	249	254	255	256	269	282	288	355	363	371	372	405	420	422	424	427	431	432	433	434	453	474	490	492	513	518	546	612	615	642	643	654	932	954	
68	69	80	81	184	187	188	189	287	299	418	473	480	508	509	533	549	550	551	582	663	667	671	679	710	747	
389	544	585	600	706	
69	81	509	710	713	952	
367	577	757	980	
157	178	180	191	214	278	342	343	345	346	350	351	352	483	681	851	
65	401	425	835	870	874	
68	69	80	81	105	184	187	188	189	190	287	299	418	473	480	508	509	533	549	550	551	582	663	667	671	679	710	747	
218	282	301	366	596	597	
41	51	94	95	128	167	196	197	198	199	200	201	203	204	205	206	207	593	776	820	908	917	918	
86	272	290	484	494	563	572	584	620	706	822	936	
10	20	21	92	173	259	260	306	325	326	327	400	538	723	728	733	777	885	887	
84	86	134	340	482	521	553	554	598	
0	1	17	18	73	74	85	177	215	218	221	223	225	226	248	268	297	307	309	310	311	312	313	314	316	317	366	459	560	
62	77	78	79	340	419	445	482	497	531	539	581	811	848	
332	359	362	421	451	452	487	488	496	529	558	569	922	
14	130	149	180	214	231	277	278	280	284	289	342	351	425	621	692	
10	16	66	68	80	91	108	112	188	212	249	256	282	300	306	325	327	338	355	356	357	365	400	424	478	480	486	564	589	638	671	
65	130	168	172	257	275	276	291	294	399	401	403	413	425	426	440	450	457	458	493	515	526	542	543	544	562	568	
41	51	94	95	128	167	196	197	198	199	200	201	203	204	205	206	207	593	776	820	908	917	918	
122	149	176	177	178	231	262	344	352	380	381	656	
60	61	103	104	150	157	181	182	250	283	295	296	320	321	368	376	377	378	379	380	381	385	387	389	390	391	392	393	394	395	397	719	
306	326	723	733	825	923	
12	19	360	666	700	707	913	951	957	
42	69	184	188	189	190	287	298	299	418	473	509	536	549	551	671	710	747	855	
10	16	46	55	124	126	158	169	210	234	300	338	355	356	480	495	564	589	638	639	640	828	896	
122	148	149	156	179	231	262	344	347	349	402	656	814	907	
255	284	355	453	471	472	610	
95	230	435	920	942	
367	577	757	980	
13	23	24	25	26	27	28	29	30	31	32	33	34	35	36	37	38	39	40	151	165	261	339	409	438	545	588	590	
232	350	484	563	572	822	936	939	
20	21	72	92	106	163	259	311	524	
117	127	163	170	378	390	453	490	491	497	548	607	624	695	753	816	892	
178	180	191	214	278	342	343	345	346	350	351	352	483	681	851	
1	435	459	533	602	616	
14	113	232	280	330	464	483	531	556	
6	64	271	373	392	489	528	644	
16	82	142	154	420	424	654	669	783	
246	421	430	649	729	765	
156	321	414	415	645	697	
1	148	221	223	224	225	256	309	365	468	560	
222	227	253	315	495	519	537	695	
21	22	245	263	301	531	564	686	
64	73	74	223	248	317	330	556	860	
106	613	614	742	756	
332	523	706	813	836	
52	537	621	781	
325	958	962	
48	68	92	105	184	212	274	400	473	480	492	508	549	550	627	667	678	747	
52	262	344	347	814	
87	144	145	147	153	155	162	186	212	254	419	422	430	433	460	462	490	492	513	518	545	546	586	615	642	932	
53	79	85	101	120	146	147	178	238	380	494	537	539	601	758	
131	215	271	717	788	
52	53	61	155	189	465	519	549	615	667	786	
414	605	797	846	851	
118	173	254	301	420	427	428	434	511	597	624	651	810	950	
20	21	728	885	
156	414	415	645	697	
4	255	401	712	995	
