60	181	295	320	321	377	393	394	947	
4	63	252	285	408	412	625	
320	379	389	394	628	
156	157	278	308	343	345	346	347	351	395	396	681	
82	83	121	283	366	372	594	693	
88	89	285	304	806	809	
115	165	753	860	900	978	
180	191	342	348	349	
23	27	33	35	878	
412	520	812	859	991	
115	436	437	438	
96	115	338	439	
376	397	632	719	
209	233	234	637	
131	211	411	646	
185	353	404	709	
69	81	509	713	
102	516	517	743	
134	340	521	766	
65	257	294	413	425	426	457	526	562	568	714	840	
340	419	445	848	
65	401	425	870	874	
114	333	417	895	
191	262	903	907	
81	189	222	911	
47	48	113	263	423	444	527	725	847	925	976	981	983	
24	27	953	997	
64	405	456	
86	290	620	
303	369	630	
159	209	631	
199	434	677	
107	702	932	
88	160	163	270	302	304	369	630	821	882	
322	335	794	
41	801	820	
16	72	163	420	424	495	541	641	669	748	783	
45	124	838	
290	567	843	
14	166	292	1000	
405	891	892	
466	893	971	
93	128	940	
20	21	92	728	885	887	
184	299	968	
158	210	237	241	242	243	926	927	930	931	963	
91	329	989	
2	56	58	59	194	305	845	865	
57	131	281	683	
49	50	70	71	83	84	121	152	162	217	288	431	432	433	612	
140	164	269	448	461	592	617	735	
70	75	372	431	494	594	
60	61	103	104	150	157	181	182	250	283	295	296	321	368	377	378	379	380	381	385	387	388	389	390	391	392	393	395	396	
28	30	37	229	721	
103	150	179	250	741	
13	66	90	91	108	110	111	112	143	258	328	329	375	469	474	476	477	478	514	
158	159	209	210	233	234	235	236	237	238	240	241	242	243	244	319	926	927	930	931	963	
5	55	56	63	281	305	718	
87	107	154	249	518	546	615	954	
66	90	91	108	111	112	143	258	329	375	469	474	476	477	478	
97	98	99	100	101	124	125	185	323	353	354	371	404	618	640	662	708	768	
2	3	4	6	58	59	192	193	194	195	252	685	803	812	826	832	859	990	1001	
158	159	210	233	234	235	236	237	238	240	241	242	243	926	927	930	931	963	
40	116	245	318	339	370	443	486	547	725	
86	272	290	563	584	
300	405	828	889	
306	326	723	733	825	923	
66	84	108	110	111	258	375	474	478	
17	74	177	215	218	222	248	297	309	311	316	341	905	
97	98	99	100	101	124	125	185	323	353	354	371	404	618	640	708	768	937	
51	167	206	751	
82	174	183	420	854	
64	99	100	125	640	937	
94	593	917	918	974	
2	3	4	5	6	54	55	56	57	58	59	63	89	126	131	132	137	138	160	174	194	195	208	211	252	271	281	285	286	305	408	411	412	481	520	552	685	698	738	809	845	859	880	949	
116	123	135	136	165	169	170	251	336	337	338	339	437	438	455	753	816	860	900	914	987	
129	172	256	365	802	
47	48	76	96	113	114	171	245	263	318	333	361	370	417	423	442	443	444	455	485	527	547	847	919	925	976	981	
60	61	103	104	150	157	160	179	181	182	250	283	295	296	320	321	368	376	377	378	379	380	381	384	385	387	388	389	390	391	392	393	394	395	396	397	
32	39	93	336	337	883	
126	137	208	286	520	634	635	812	
86	134	340	482	521	553	554	598	
7	44	62	249	365	833	856	
15	45	46	139	140	164	216	269	272	273	274	322	334	335	428	429	446	447	448	461	579	592	929	933	
90	327	328	331	357	460	514	
182	376	397	632	719	841	869	
61	104	271	296	368	373	387	390	392	489	528	644	
356	410	486	490	
17	18	74	218	226	248	297	307	317	696	
117	127	613	614	619	742	747	756	793	
87	129	183	280	303	493	546	909	
197	205	936	955	
44	498	504	525	913	967	
43	44	332	358	374	406	407	499	500	501	502	503	504	505	506	525	699	
106	357	454	
7	8	9	11	12	19	141	161	213	247	264	265	266	267	358	359	360	441	452	498	525	566	569	570	573	608	661	666	674	700	707	720	754	823	856	
381	391	426	484	515	572	776	939	
141	362	421	466	487	488	496	498	529	922	
116	123	135	136	151	169	170	251	336	337	338	361	437	816	860	900	914	987	
142	282	301	366	518	559	596	597	769	
97	98	101	102	300	323	371	617	618	662	
15	45	46	139	140	164	269	272	273	274	322	334	335	428	429	446	447	448	579	592	676	929	933	
28	38	278	722	
13	23	409	545	785	
138	153	216	282	301	429	446	596	597	690	857	
300	828	889	
493	522	523	563	829	
191	511	681	682	
230	481	898	
20	92	885	887	
325	327	409	945	
261	411	470	986	
9	11	19	264	266	332	359	374	406	407	441	452	499	500	502	504	505	506	529	565	569	608	661	699	700	707	720	754	804	971	
47	48	76	96	113	114	171	245	263	318	333	361	417	423	442	443	444	455	485	527	547	847	919	925	976	981	
52	130	277	289	363	384	388	537	621	781	
54	57	126	137	138	174	208	286	685	698	815	880	921	
0	73	148	215	223	224	268	313	328	331	468	514	560	623	
75	76	119	151	261	427	470	494	655	753	986	
7	8	9	12	19	141	161	213	247	264	265	267	359	441	452	566	569	570	661	666	674	700	707	823	856	957	
360	913	951	957	
16	64	105	106	145	489	518	771	
65	93	129	168	172	183	232	275	399	401	413	426	440	450	457	458	493	515	526	542	543	562	568	714	813	840	
13	23	24	25	26	27	28	29	30	31	32	33	34	35	36	37	38	39	40	151	165	261	339	409	438	545	588	590	
0	1	17	18	73	74	85	215	218	221	223	225	226	248	268	307	309	310	311	312	313	314	316	317	459	560	872	
11	266	324	466	555	565	608	720	754	804	971	
142	145	239	373	552	571	591	
62	77	78	79	497	531	539	581	811	
122	149	176	177	178	214	342	344	345	350	351	352	483	575	656	851	
88	89	304	699	806	809	845	924	
5	54	132	192	211	303	807	
14	166	232	292	918	1000	
256	440	450	534	544	813	
139	273	422	461	819	
3	6	102	192	193	195	408	516	517	743	826	832	990	1001	
25	26	36	75	135	372	470	494	588	655	
43	358	374	406	407	499	502	503	505	506	
133	168	172	275	291	399	403	413	419	440	450	458	526	542	543	
238	239	244	302	587	601	602	622	758	832	
42	105	147	152	186	212	249	254	255	256	284	355	434	453	471	472	473	490	492	607	610	642	896	932	
49	50	70	71	83	84	121	152	162	217	288	431	432	433	612	
176	270	486	515	611	
118	132	279	491	624	651	748	950	
62	107	559	769	
230	481	898	
41	51	94	95	128	167	196	197	198	199	200	201	203	204	205	206	207	593	776	820	908	917	918	
144	145	166	186	212	254	433	434	492	546	615	
8	246	293	365	430	530	672	765	912	
15	175	288	532	665	
601	665	886	
68	69	80	81	105	142	184	187	188	189	287	299	418	473	480	508	509	549	550	551	582	663	667	671	679	710	747	
49	50	71	87	153	162	217	297	643	654	
12	161	267	324	451	487	496	510	558	565	674	823	
246	247	293	298	430	530	649	765	
42	212	284	422	513	642	932	
68	80	187	188	189	460	508	533	549	551	663	671	679	
544	585	600	706	
69	509	540	710	952	
363	364	367	577	757	980	
178	180	214	278	342	343	345	346	350	351	352	483	681	851	
275	425	789	835	
42	184	187	188	190	253	287	299	418	459	467	473	508	549	667	710	747	
118	282	301	366	511	596	597	651	
196	198	200	201	203	204	277	291	294	523	548	581	829	
143	255	484	572	610	664	694	706	822	936	
10	20	21	92	173	259	260	306	325	326	327	400	535	538	723	728	733	777	885	
10	134	173	482	521	535	553	554	598	728	777	
1	85	221	225	226	298	307	309	310	312	314	317	507	513	726	
77	78	79	419	445	482	497	531	539	557	581	811	848	
362	421	451	487	488	496	529	558	922	
14	130	149	180	231	277	280	284	289	621	692	
155	253	357	400	471	564	582	589	638	671	690	
130	257	276	457	544	568	
41	51	94	95	128	167	196	197	198	199	200	201	202	204	206	207	593	776	820	908	917	
122	149	176	177	178	231	262	344	352	380	656	
0	67	85	120	146	758	
306	326	538	723	733	777	923	
362	367	566	666	913	951	
229	259	287	298	536	601	
10	46	55	112	169	355	356	480	564	589	638	639	896	
122	148	224	225	312	314	349	402	468	
235	244	319	422	810	
95	230	316	435	920	942	
367	577	757	980	
24	25	26	29	30	31	32	33	34	35	36	37	38	39	40	171	545	590	953	997	
232	292	350	484	563	572	822	936	939	
21	72	163	259	311	524	
117	127	170	378	453	490	491	497	548	624	695	745	816	892	
133	257	291	294	346	399	403	458	542	543	
1	435	459	533	602	616	
280	330	464	483	556	727	
147	349	373	489	528	644	950	
16	82	154	420	424	495	641	654	669	748	783	946	
246	421	430	649	729	765	
156	414	415	645	697	
148	221	224	468	560	
222	227	228	253	315	495	519	537	607	695	
22	531	564	686	
73	223	330	556	
106	613	614	742	756	
332	523	706	813	836	
52	537	621	781	
325	958	962	
68	274	400	480	492	627	678	
52	262	344	347	814	
308	462	463	561	586	701	
79	120	146	758	
271	717	788	
53	155	465	519	615	667	786	
414	605	797	846	851	
118	254	427	428	511	624	651	950	
447	715	799	
156	414	415	645	697	
255	401	712	995	
