60	181	295	320	321	377	393	394	947	
4	63	252	285	408	412	625	
181	295	320	379	389	394	628	
60	61	103	104	150	157	160	179	181	182	250	283	295	296	320	321	368	376	377	378	379	380	381	385	387	388	389	390	391	392	393	394	395	396	397	
82	83	84	121	283	366	372	594	693	
88	89	285	304	806	809	
115	165	753	860	900	978	
180	191	342	348	349	
23	27	33	35	878	
412	520	812	859	991	
115	436	437	438	
96	115	338	439	
209	233	234	637	
185	353	404	709	
102	516	517	743	
134	340	521	766	
65	401	425	870	874	
114	333	417	895	
191	262	903	907	
81	189	222	911	
40	47	48	76	96	113	114	171	245	263	318	333	361	370	417	423	442	443	444	455	485	527	547	847	919	925	976	981	
24	27	953	997	
64	405	456	
303	369	630	
159	209	631	
199	434	677	
107	702	932	
160	163	821	
322	335	794	
41	801	820	
16	82	142	154	404	420	424	654	669	783	
45	124	838	
290	567	843	
160	166	882	
405	891	892	
466	893	971	
93	128	940	
20	21	92	106	728	885	887	
184	299	968	
158	159	209	210	233	234	235	236	237	238	240	241	242	243	244	252	319	926	927	930	931	963	
91	329	989	
2	56	58	59	63	194	305	412	845	865	
57	131	211	281	285	305	411	412	604	646	683	
15	45	46	139	140	164	216	269	272	273	274	322	334	335	428	429	446	447	448	461	579	592	929	933	
60	61	103	104	150	157	179	181	182	250	283	295	296	320	321	368	376	377	378	379	380	381	384	385	387	388	389	390	391	392	393	394	395	396	397	
27	28	30	37	229	721	
103	150	179	250	377	741	
13	66	90	91	108	110	111	112	143	258	328	329	357	375	469	474	476	477	478	514	
5	55	56	63	281	305	718	
87	107	154	249	518	546	615	954	
97	98	99	100	101	124	125	185	323	353	354	371	404	618	640	662	708	768	
300	375	405	828	889	
0	1	17	18	73	74	85	106	166	177	215	218	221	222	223	225	226	248	268	282	295	297	301	307	309	310	311	312	313	314	316	317	341	366	459	560	696	905	
6	41	51	128	167	206	751	820	
63	82	174	183	252	285	420	854	
87	94	128	593	820	917	918	974	
129	172	256	258	365	802	
5	13	23	24	25	26	27	28	29	30	31	32	33	34	35	36	37	38	39	40	47	48	76	93	96	113	114	115	116	133	135	136	151	165	169	170	171	245	251	261	263	318	333	336	337	338	339	361	367	370	409	417	423	437	438	442	443	444	455	485	545	547	588	590	847	925	976	981	
84	86	134	340	482	521	553	554	598	
5	7	44	62	249	365	833	856	
179	181	182	376	397	632	719	841	869	
62	82	107	183	258	286	329	356	410	486	490	
5	16	17	20	21	23	28	41	42	46	58	62	63	64	68	80	81	82	83	84	86	87	105	106	107	114	115	121	128	129	132	137	142	145	147	152	153	154	155	160	162	163	165	166	169	170	173	174	180	183	184	186	187	209	210	211	212	222	226	233	236	249	252	253	254	255	256	269	280	282	283	290	300	301	303	329	333	340	355	356	357	362	363	365	366	367	371	393	404	405	419	420	422	424	427	434	453	473	474	490	492	493	494	495	513	518	531	533	546	612	615	654	820	856	859	932	
87	129	183	209	280	303	493	546	909	
94	128	197	205	593	820	936	955	
44	498	504	525	913	967	
62	107	559	769	
41	51	94	95	128	167	196	197	198	199	200	201	203	204	205	206	207	593	776	820	908	917	918	
142	166	218	249	282	283	301	366	518	559	577	596	597	
27	28	38	278	722	
13	23	409	545	785	
493	522	523	563	
191	511	681	682	
230	481	898	
325	327	409	945	
261	411	470	986	
52	537	621	781	
13	23	24	25	26	27	28	29	30	31	32	33	34	35	36	37	38	39	40	47	48	76	86	93	96	113	114	115	116	133	135	136	151	165	169	170	171	245	251	261	263	318	333	336	337	338	339	361	367	370	409	417	423	437	438	442	443	444	455	485	545	547	588	590	847	925	976	981	
13	16	64	105	106	145	489	518	771	
7	8	9	11	12	19	44	141	161	213	246	247	264	265	266	267	293	332	358	359	360	362	374	406	407	421	430	441	452	466	498	499	500	502	504	506	510	525	529	533	566	569	570	573	602	608	661	674	699	700	707	720	754	765	823	856	971	
62	77	78	79	340	419	445	482	497	531	539	581	811	848	
122	148	149	156	157	178	179	180	191	214	231	262	278	284	342	343	344	345	347	349	350	351	352	377	381	483	575	656	681	851	907	
5	54	132	192	211	303	807	
14	166	206	232	292	918	1000	
256	440	450	534	544	813	
139	140	273	422	461	819	
14	62	65	82	93	121	129	130	133	167	168	172	183	206	231	232	256	257	275	280	285	290	291	292	294	377	399	401	403	413	419	425	426	434	440	450	457	458	486	493	515	526	542	543	544	562	568	600	714	813	840	
6	14	62	64	65	82	93	107	121	129	130	133	167	168	172	183	206	231	232	256	257	275	280	285	290	291	292	294	377	399	401	403	413	419	425	426	434	440	450	457	458	486	493	515	526	542	543	544	562	568	714	813	840	
2	3	4	5	6	13	54	55	56	57	58	59	63	89	126	131	132	137	138	160	174	192	193	194	195	208	211	252	271	281	285	286	303	305	408	411	412	481	520	552	586	685	698	738	803	809	812	826	832	845	859	880	949	990	
2	3	58	59	217	273	366	601	665	812	859	886	
4	5	13	16	17	20	21	23	28	41	42	44	46	58	62	63	64	68	69	74	80	81	82	83	84	86	87	96	105	106	107	114	115	121	128	129	132	133	137	142	145	147	152	153	154	155	160	162	163	165	166	169	170	173	174	180	183	184	187	188	189	190	209	210	211	212	215	221	222	223	226	233	236	249	252	253	254	255	256	269	280	282	283	290	296	300	301	303	314	329	333	340	355	356	357	362	363	365	366	367	371	375	393	404	405	419	420	422	424	427	434	453	459	460	473	474	480	490	493	494	495	509	513	518	531	533	546	549	612	615	671	747	820	859	932	
49	50	70	71	83	84	87	121	152	153	162	217	288	393	431	432	433	612	643	654	
5	13	16	17	20	21	23	28	41	42	44	46	58	62	63	64	68	69	74	80	81	82	83	84	86	87	96	105	106	107	114	115	121	128	129	132	133	137	142	145	147	152	153	154	155	160	162	163	165	166	169	170	173	174	180	183	184	187	188	189	209	210	211	212	215	221	222	223	226	233	236	249	252	253	254	255	256	269	280	282	283	290	296	300	301	303	314	329	333	340	355	356	357	362	363	365	366	367	371	375	393	404	405	419	420	422	424	427	434	453	459	460	473	474	480	490	493	494	495	509	513	518	531	533	546	549	612	615	671	747	820	856	859	932	
69	81	509	710	713	952	
367	577	757	980	
86	129	272	290	484	563	572	584	620	822	936	
10	20	21	69	92	96	173	259	260	306	325	326	327	400	538	723	728	733	777	885	887	
173	306	326	538	723	733	777	825	923	
13	16	17	20	21	23	28	41	42	46	58	62	63	64	68	69	74	80	81	82	83	84	86	87	105	106	107	114	115	121	128	129	137	142	145	147	152	153	154	155	160	163	165	166	169	170	173	174	180	183	184	187	188	189	190	209	210	211	212	215	221	222	223	226	233	236	249	252	253	254	255	256	269	280	282	283	290	296	300	301	303	314	329	333	340	355	356	357	362	363	365	366	367	371	375	393	404	405	418	419	420	422	424	427	434	453	459	460	473	474	480	490	493	494	495	508	509	513	518	531	533	546	549	550	612	615	671	747	820	932	
95	230	435	920	942	
20	21	72	92	106	163	259	311	524	
5	16	17	20	21	23	28	41	42	44	46	58	62	63	64	68	74	80	81	82	83	84	86	87	105	106	107	114	115	121	128	129	132	133	137	142	145	147	152	153	154	155	160	162	163	165	166	169	170	173	174	180	183	184	187	188	189	209	210	211	212	215	221	222	223	226	233	236	249	252	253	254	255	256	269	280	282	283	290	296	300	301	303	314	329	333	340	355	356	357	362	363	365	366	367	371	393	404	405	419	420	422	424	427	434	453	459	460	473	474	490	492	493	494	495	513	518	531	533	546	612	615	820	856	859	932	
13	122	130	148	149	156	157	167	178	179	180	191	214	231	262	277	278	284	342	343	344	345	347	349	350	351	352	377	483	575	621	656	681	851	907	
1	320	435	459	533	602	616	
14	113	232	280	330	464	483	531	556	
5	6	64	191	271	305	373	392	489	528	644	
156	321	414	415	645	697	
0	1	16	17	18	20	21	41	42	62	68	69	73	74	80	81	82	83	84	85	86	87	105	106	107	121	128	129	142	145	147	152	153	155	163	166	169	170	173	180	183	184	187	188	189	190	210	212	215	218	221	222	223	225	226	227	228	248	249	253	254	255	256	268	269	282	283	295	297	300	301	309	310	311	312	313	314	316	317	329	333	340	341	355	365	366	371	404	405	419	420	424	434	459	460	467	473	474	493	494	495	509	513	518	533	546	549	560	612	615	671	690	747	820	932	
21	22	114	245	263	301	381	531	564	686	
106	613	614	742	756	
332	523	706	813	836	
325	958	962	
13	16	17	20	21	23	28	41	42	46	58	62	64	68	69	74	80	81	82	83	84	86	87	105	106	107	114	115	121	128	129	137	142	145	147	152	153	154	155	160	163	165	166	169	170	173	180	183	184	187	188	189	190	209	210	211	212	215	221	222	223	226	233	249	252	253	254	255	256	269	282	283	290	296	300	301	303	314	329	333	340	355	356	357	363	365	366	371	375	393	404	405	418	419	420	422	424	427	434	453	459	460	467	473	474	480	490	493	494	495	508	509	513	518	531	533	546	549	550	612	615	663	667	671	747	820	932	
52	58	262	344	347	814	
5	16	17	20	21	23	28	41	42	44	46	58	62	63	64	68	74	80	81	82	83	84	86	87	96	105	106	107	114	115	121	128	129	132	133	137	142	145	147	152	153	154	155	160	163	165	166	169	170	173	174	180	183	184	187	188	209	210	211	212	215	222	223	226	233	236	249	252	254	255	256	269	280	282	283	290	296	300	301	303	329	333	340	355	356	357	362	363	365	366	367	371	375	393	404	405	419	420	422	424	427	434	459	460	473	474	490	492	493	494	495	513	518	531	533	546	612	615	820	856	859	932	
106	131	215	271	295	411	459	717	788	
52	61	64	166	189	206	407	465	519	786	
414	605	797	846	851	
20	21	69	84	166	715	799	
4	255	401	712	995	
