60	181	295	320	321	377	393	394	947	
4	63	252	285	408	412	625	
181	320	379	389	394	628	
60	61	103	104	150	157	182	250	283	295	296	321	343	345	368	377	378	379	380	381	384	385	387	388	389	390	391	393	395	396	
82	83	121	283	366	372	594	693	
88	89	285	304	806	809	
115	165	753	860	900	978	
180	191	342	348	349	
23	27	33	35	878	
412	520	812	859	991	
115	436	437	438	
96	115	338	439	
376	397	632	719	
209	233	234	637	
131	211	411	646	
185	353	404	709	
69	81	509	713	
102	516	517	743	
134	340	521	766	
14	65	129	133	168	172	183	232	257	275	291	294	399	401	403	413	425	426	440	450	457	458	493	515	526	542	543	562	568	714	840	
340	419	445	848	
65	401	425	870	874	
114	333	417	895	
191	262	903	907	
81	189	222	911	
47	48	76	96	113	114	171	245	263	318	333	361	417	423	442	443	444	455	485	527	547	847	919	925	976	981	
24	27	953	997	
64	405	456	
86	290	620	
303	369	630	
159	209	631	
199	434	677	
107	702	932	
160	163	369	821	
322	335	794	
41	801	820	
16	82	154	420	424	495	641	654	669	748	783	
45	124	838	
290	567	843	
160	166	882	
405	891	892	
466	893	971	
93	128	940	
20	21	92	728	885	887	
184	299	968	
158	159	210	234	235	236	237	238	240	241	242	243	926	927	930	931	963	
91	329	989	
2	56	58	59	194	305	845	865	
57	131	281	683	
49	50	70	71	83	84	121	152	162	217	288	431	432	433	612	
140	164	269	322	448	461	592	617	735	
70	75	135	212	253	372	427	431	470	494	590	655	914	932	
60	61	103	104	150	157	179	181	182	250	283	295	296	320	321	368	376	377	378	379	380	381	384	385	387	388	389	390	391	392	393	394	395	396	397	
28	30	37	229	721	
103	150	179	250	741	
13	66	90	91	108	110	111	112	143	258	328	329	357	375	469	474	476	477	478	514	
158	159	209	210	233	234	235	236	237	238	240	241	242	243	244	319	926	927	930	931	963	
5	55	56	63	281	305	718	
87	107	154	249	518	546	615	954	
66	90	91	108	110	111	112	258	328	329	375	469	474	476	477	478	514	
97	98	99	100	101	124	125	185	323	353	354	371	404	618	640	662	708	768	
2	3	4	6	54	57	58	59	192	193	194	195	252	408	412	685	803	812	826	832	845	859	990	1001	
158	159	209	210	233	234	235	236	237	238	240	241	242	243	244	926	927	930	931	963	
40	47	48	113	116	245	318	339	370	443	486	547	725	
86	272	290	563	584	
300	375	405	828	889	
306	326	723	733	825	923	
66	90	91	108	110	111	112	258	329	375	469	474	476	477	478	
0	17	73	74	177	215	218	222	248	268	297	309	311	316	341	560	905	
97	98	99	100	101	124	125	185	323	353	354	371	404	618	640	662	708	768	
51	167	206	751	
82	174	183	420	854	
64	98	99	100	101	125	323	371	640	937	
87	94	593	917	918	974	
2	3	4	5	6	54	55	56	57	58	59	63	89	126	131	132	137	138	160	174	192	193	194	195	208	211	252	271	281	285	286	303	305	408	411	412	481	520	552	586	685	698	738	809	812	815	826	832	845	859	880	949	990	
115	116	123	135	136	165	169	170	251	336	337	338	339	437	438	455	753	816	860	900	914	987	
129	172	256	258	365	802	
47	48	76	96	113	114	171	245	263	318	333	361	370	417	423	442	443	444	455	485	527	547	847	919	925	976	981	
60	61	103	104	150	157	160	179	181	182	250	283	295	296	320	321	368	376	377	378	379	380	381	384	385	387	388	389	390	391	392	393	394	395	396	397	
32	39	93	116	336	337	883	
126	137	208	286	520	634	635	812	
84	86	134	340	482	521	553	554	598	
5	7	44	62	249	365	833	856	
15	45	46	139	140	164	216	269	272	273	274	322	334	335	428	429	446	447	448	461	579	592	929	933	
66	90	108	143	328	357	474	478	514	
182	376	397	632	719	841	869	
61	104	296	368	387	390	392	395	489	528	644	
286	356	410	486	490	
17	18	74	218	226	248	297	307	317	696	
117	127	288	537	613	614	619	747	756	793	
87	129	183	280	303	493	546	909	
197	205	936	955	
44	498	504	525	913	967	
9	43	44	332	358	374	406	407	499	500	501	502	503	504	505	506	525	699	
106	357	454	
7	8	9	11	12	19	141	161	213	247	264	265	266	267	358	359	360	441	452	466	498	499	506	510	525	566	569	570	573	608	661	666	674	700	707	754	823	856	957	971	
294	350	381	391	426	457	484	562	572	776	822	936	939	
141	362	421	466	487	488	496	498	529	922	
116	123	135	136	169	170	251	336	337	338	339	437	753	816	860	900	914	987	
142	166	282	301	366	518	559	577	596	597	
97	98	99	100	101	124	125	185	323	353	354	371	404	618	640	662	708	768	
15	45	46	139	140	164	216	269	272	273	274	322	334	335	428	429	446	447	448	461	579	592	929	933	
28	38	278	722	
13	23	409	545	785	
15	45	46	139	140	164	216	269	272	273	274	334	335	428	429	446	447	448	579	592	929	933	
300	405	828	889	
493	522	523	563	
191	511	681	682	
230	481	898	
20	92	885	887	
325	327	409	945	
261	411	470	986	
7	8	9	11	12	19	43	141	161	213	247	264	265	266	267	332	358	359	406	407	441	452	466	498	499	500	502	504	505	506	510	525	529	566	569	570	573	602	608	661	674	699	700	707	720	754	804	823	856	971	
47	48	76	96	113	114	171	245	263	318	333	361	370	417	423	442	443	444	455	485	527	547	847	919	925	976	981	
52	277	537	621	781	
2	3	4	6	54	55	56	57	58	59	63	89	126	131	132	137	138	174	208	211	252	271	281	285	286	305	408	411	481	520	552	685	698	738	809	815	880	949	
0	1	73	74	85	148	215	221	223	224	225	226	268	309	310	311	312	313	314	316	317	331	459	468	560	756	
75	119	151	261	367	427	470	655	753	757	816	980	986	
7	8	9	11	12	19	141	161	213	247	264	265	267	359	441	452	566	569	570	661	666	674	700	707	823	856	957	
19	359	360	666	700	707	913	951	957	
16	64	105	106	145	489	518	771	
14	65	93	129	133	168	172	183	232	275	280	291	399	401	403	413	425	426	440	450	457	458	493	515	526	542	543	562	568	600	714	813	840	
13	23	24	25	26	27	28	29	30	31	32	33	34	35	36	37	38	39	40	151	165	261	339	409	438	545	588	590	
0	1	17	18	73	74	85	177	215	218	221	222	223	225	226	248	268	297	307	309	310	311	312	313	314	316	317	341	459	560	696	
11	266	324	555	565	608	720	754	804	971	
142	145	239	373	552	571	591	
62	77	78	79	497	531	539	581	811	
149	176	177	178	180	214	231	342	344	345	350	351	352	483	575	656	681	851	
88	89	304	806	809	924	
5	54	132	192	211	303	807	
14	166	232	292	918	1000	
256	440	450	534	544	813	
139	273	422	461	819	
3	6	192	193	194	195	803	826	832	859	990	1001	
24	25	26	29	30	31	32	33	34	35	36	37	38	40	135	169	251	437	510	545	588	590	900	953	997	
43	44	332	358	374	406	407	499	500	501	502	503	504	505	506	699	
93	133	168	172	275	291	399	403	413	419	426	434	440	450	458	515	526	542	543	544	714	813	
208	238	239	244	302	304	373	564	587	599	602	669	832	930	931	
42	105	147	152	170	186	212	249	254	255	256	282	284	355	419	424	434	453	460	471	472	473	490	492	513	589	607	610	642	932	
49	50	70	71	83	84	121	152	162	217	288	431	432	433	612	
176	270	278	292	486	515	611	
55	118	132	271	511	532	552	597	651	748	949	950	
62	107	559	769	
230	481	898	
41	51	94	95	128	167	196	197	198	199	200	201	204	205	206	207	593	776	820	908	917	918	
144	145	166	186	212	254	433	434	492	518	546	615	
8	246	249	293	365	430	530	672	765	
15	137	174	175	532	665	685	
217	366	601	665	886	
68	69	80	81	105	142	184	187	188	189	287	299	418	473	480	508	509	549	550	551	582	663	667	671	679	710	747	
49	50	70	71	83	84	87	121	152	153	162	217	288	431	432	433	612	643	654	
161	362	421	451	452	487	488	496	529	558	569	922	
12	246	247	264	266	324	430	565	608	720	754	765	804	
42	145	147	153	155	212	254	255	284	422	453	472	490	492	513	610	615	642	932	
68	80	184	187	188	189	460	473	508	533	549	551	663	667	671	679	747	
544	585	600	706	
69	81	509	540	710	713	952	
363	367	577	757	980	
157	178	180	191	214	278	342	343	345	346	350	351	352	483	575	681	851	
65	275	425	458	789	835	
42	68	69	80	105	184	187	188	189	190	298	299	418	473	508	509	533	549	550	551	582	663	667	671	679	710	747	968	
218	282	301	366	596	597	
41	51	94	95	128	167	196	197	198	199	200	201	203	204	206	207	593	776	820	829	908	917	
255	290	484	494	563	572	610	694	706	822	936	
10	20	21	92	173	259	260	306	325	326	327	400	535	538	723	728	733	777	885	887	
86	134	340	482	521	535	553	554	598	777	
1	17	18	85	215	221	223	225	226	298	307	309	310	312	313	314	317	872	
62	77	78	79	497	531	539	581	811	
362	421	451	487	488	496	529	558	922	
14	130	149	180	231	277	278	280	284	289	482	621	692	
10	112	282	355	356	357	400	480	564	589	638	671	690	896	
130	257	276	284	526	543	544	568	
41	51	94	95	128	167	196	197	198	199	200	201	203	204	205	206	207	593	776	820	908	917	918	
122	149	176	177	178	231	262	344	352	656	
0	67	79	120	146	187	601	758	779	
173	306	326	538	723	733	777	825	923	
360	666	913	951	957	
214	229	259	287	298	299	536	601	
10	16	46	126	169	300	338	355	356	480	495	564	589	638	896	
122	148	149	156	224	225	262	344	347	349	402	468	814	
107	158	210	233	235	236	237	241	242	243	244	319	963	
95	230	435	920	942	
367	577	757	980	
13	23	24	25	26	27	28	29	30	31	32	33	34	35	36	37	38	39	40	151	165	261	409	438	545	588	590	
232	350	484	563	572	822	936	939	
20	21	72	92	106	163	259	260	311	524	
117	127	163	170	378	453	490	491	497	548	607	613	624	695	816	892	
178	203	214	291	294	342	343	345	346	351	352	483	
1	435	459	533	602	616	
280	330	464	483	531	556	727	
64	147	349	373	392	489	528	644	
16	82	142	154	420	424	641	654	669	783	
246	421	430	441	649	729	
156	414	415	645	697	
148	221	224	256	365	468	560	
222	227	253	315	495	519	537	695	
21	22	263	301	531	564	686	
73	223	248	330	556	860	
106	613	614	742	756	
332	523	706	813	836	
52	537	621	781	
325	958	962	
68	274	400	480	492	549	627	678	
52	262	344	347	814	
308	430	460	462	463	561	586	701	
79	85	120	146	601	758	
271	717	788	
52	53	155	465	519	615	667	786	
414	605	797	846	851	
118	173	254	420	427	428	511	546	597	624	651	950	
447	715	799	
156	414	415	645	697	
255	401	712	995	
