60	181	295	320	321	377	393	394	947	
4	63	252	285	408	412	625	
181	320	379	389	394	628	
60	61	103	104	150	157	160	179	181	182	250	283	295	296	320	321	368	376	377	378	379	380	381	384	385	387	388	389	390	391	392	393	394	395	396	397	
82	83	121	283	366	372	594	693	
88	89	285	304	806	809	
115	165	753	860	900	978	
180	191	342	348	349	
23	27	33	35	878	
412	520	812	859	991	
115	436	437	438	
96	115	338	439	
376	397	632	719	
209	233	234	637	
131	211	411	646	
185	353	404	709	
69	81	509	713	
102	516	517	743	
134	340	521	766	
14	65	93	129	133	168	172	183	232	257	275	291	294	399	401	403	413	425	426	440	450	457	458	493	515	526	542	543	544	562	568	600	714	813	840	
340	419	445	848	
65	401	425	870	874	
114	333	417	895	
191	262	903	907	
81	189	222	911	
47	48	76	96	113	114	171	245	263	318	333	361	370	417	423	442	443	444	455	485	527	547	847	919	925	976	981	
24	27	953	997	
64	405	456	
86	290	620	
303	369	630	
159	209	631	
199	434	677	
107	702	932	
160	163	821	
322	335	794	
41	801	820	
16	82	154	420	424	495	641	654	669	748	783	
45	124	838	
290	567	843	
160	166	882	
405	891	892	
466	893	971	
93	128	940	
20	21	92	728	885	887	
184	299	968	
158	159	210	233	234	235	236	237	238	240	241	242	243	244	926	927	930	931	963	
91	329	989	
2	56	58	59	194	305	845	865	
57	131	281	683	
49	50	70	71	83	84	121	152	162	217	288	431	432	433	612	
15	45	46	139	140	164	269	272	273	274	322	335	429	447	448	461	592	735	
48	49	50	70	71	75	84	135	152	162	212	217	288	367	372	427	431	433	470	494	612	643	654	655	980	
60	61	103	104	150	157	179	181	182	250	283	295	296	320	321	368	376	377	378	379	380	381	384	385	387	388	389	390	391	392	393	394	395	396	397	
28	30	37	229	721	
103	150	179	250	741	
13	66	90	91	108	110	111	112	143	258	328	329	357	375	469	474	476	477	478	514	
158	159	209	210	233	234	235	236	237	238	240	241	242	243	244	319	926	927	930	931	963	
5	55	56	63	281	305	718	
87	107	154	249	518	546	615	954	
66	90	91	108	110	111	112	143	258	328	329	375	469	474	476	477	478	514	
97	98	99	100	101	124	125	185	323	353	354	371	404	618	640	662	708	768	
2	3	4	6	54	55	56	57	58	59	63	89	137	174	192	193	194	195	211	252	281	305	408	411	412	520	586	685	803	809	812	826	832	845	859	990	1001	
158	159	209	210	233	234	235	236	237	238	240	241	242	243	244	319	926	927	930	931	963	
38	40	47	48	76	96	113	114	116	171	245	263	318	333	339	361	370	417	423	442	443	444	455	485	527	547	725	847	919	925	976	981	
86	272	290	563	584	
300	375	405	828	889	
306	326	723	733	825	923	
66	90	91	108	110	111	112	258	328	329	375	469	474	476	477	478	514	
0	17	73	74	177	215	218	221	222	223	226	248	268	297	309	311	313	316	341	459	560	696	905	
97	98	99	100	101	124	125	185	323	353	354	371	404	618	640	662	708	768	
6	41	51	167	206	751	
82	174	183	420	854	
64	97	98	99	100	101	124	125	185	323	353	354	371	404	640	708	768	937	
87	94	128	593	820	917	918	974	
2	3	4	5	6	54	55	56	57	58	59	63	89	126	131	132	137	138	160	174	192	193	194	195	208	211	252	271	281	285	286	303	305	408	411	412	481	520	552	586	685	698	738	803	809	812	826	832	845	859	880	949	990	
115	116	123	135	136	165	169	170	251	336	337	338	339	437	438	455	753	816	860	900	914	978	987	
129	172	256	258	365	802	
47	48	76	96	113	114	171	245	263	318	333	361	370	417	423	442	443	444	455	485	527	547	847	919	925	976	981	
60	61	103	104	150	157	160	179	181	182	250	283	295	296	320	321	368	376	377	378	379	380	381	385	387	388	389	390	391	392	393	394	395	396	397	
30	32	39	93	116	336	337	883	
126	137	208	286	520	634	635	812	
84	86	134	340	482	521	553	554	598	
5	7	44	62	249	365	833	856	
15	45	46	139	140	164	216	269	272	273	274	322	334	335	428	429	446	447	448	461	579	592	929	933	
66	90	91	108	110	111	112	143	258	328	329	375	469	474	477	478	514	
182	376	397	632	719	841	869	
60	61	103	104	150	157	182	250	283	295	296	321	368	377	378	379	380	384	385	387	388	389	390	392	393	395	396	
286	356	410	486	490	
17	18	74	85	218	226	248	297	307	309	317	696	
117	127	288	537	613	614	619	747	756	793	
87	129	183	280	303	493	546	909	
94	197	205	593	936	955	
44	498	504	525	913	967	
9	43	44	332	358	374	406	407	499	500	501	502	503	504	505	506	525	699	
106	357	454	
7	8	9	11	12	19	141	161	213	247	264	265	266	267	332	358	359	360	406	407	421	441	452	466	498	499	500	502	504	506	510	525	529	566	569	570	573	602	608	661	666	674	699	700	707	720	754	823	856	971	
130	167	176	200	204	290	292	294	350	413	426	457	484	494	515	526	562	563	568	572	714	776	822	840	936	939	
141	362	421	466	487	488	496	498	499	529	922	
115	116	123	135	136	169	170	251	336	337	338	339	437	753	816	860	900	914	987	
142	166	282	301	366	518	559	577	596	597	
97	98	99	100	101	124	125	185	323	353	354	371	404	618	640	662	708	768	
15	45	46	139	140	164	216	269	272	273	274	322	334	335	428	429	446	447	448	461	579	592	929	933	
28	38	278	722	
13	23	409	545	785	
15	45	46	139	140	164	216	269	272	273	274	322	334	335	428	429	446	447	448	461	579	592	929	933	
300	405	828	889	
493	522	523	563	
191	511	681	682	
230	481	898	
20	92	885	887	
325	327	409	945	
261	411	470	986	
7	8	9	11	12	19	44	141	161	213	247	264	265	266	267	332	358	359	374	406	407	441	452	466	498	499	500	502	504	506	510	525	529	566	569	570	573	602	608	661	674	699	700	707	720	754	823	856	971	
47	48	76	96	113	114	171	245	263	318	333	361	370	417	423	442	443	444	455	485	527	547	847	919	925	976	981	
52	537	621	781	
2	3	4	5	6	54	55	56	57	58	59	63	89	126	131	132	137	138	174	194	195	208	211	252	271	281	285	286	303	305	408	411	412	481	520	552	571	685	698	738	809	815	845	859	880	949	
0	1	17	18	73	74	85	177	215	218	221	222	223	224	225	226	248	268	297	309	310	311	312	313	314	316	317	341	459	468	560	
40	75	119	151	170	261	367	427	470	655	753	757	816	980	
7	8	9	11	12	19	141	161	213	247	264	265	266	267	358	359	360	441	452	498	566	569	570	573	608	661	666	674	700	707	754	823	856	957	
7	11	12	19	141	161	247	264	267	359	360	441	452	566	569	570	661	666	700	707	951	957	
16	64	105	106	145	489	518	771	
14	65	93	129	133	168	172	183	232	257	275	280	291	294	399	401	403	413	425	426	440	450	457	458	493	515	526	542	543	562	568	600	714	813	840	
13	23	24	25	26	27	28	29	30	31	32	33	34	35	36	37	38	39	40	116	151	165	261	339	409	438	545	588	590	
0	1	17	18	73	74	85	177	215	218	221	222	223	225	226	248	268	297	307	309	310	311	312	313	314	316	317	341	459	560	696	905	
11	266	324	466	555	565	608	720	754	804	971	
142	145	239	373	552	571	591	
62	77	78	79	340	497	531	539	581	811	
149	176	178	180	191	214	231	262	278	284	342	343	344	345	346	347	350	351	352	483	575	656	681	851	
88	89	285	304	806	809	
5	54	132	192	211	303	807	
14	166	206	232	292	918	1000	
256	440	450	534	544	813	
139	140	273	422	461	819	
2	3	4	6	58	59	192	193	194	195	252	408	685	803	812	826	832	859	990	1001	
13	23	24	25	26	27	28	29	30	31	32	33	34	35	36	37	38	39	40	151	165	261	409	438	545	588	590	
43	44	332	358	374	406	407	499	500	501	502	503	504	505	506	525	699	
14	93	129	133	168	172	183	256	275	280	291	399	403	413	419	426	434	440	450	458	493	515	526	534	542	543	544	714	813	817	
132	158	208	210	235	236	237	238	239	241	242	243	244	302	599	921	930	931	963	
16	21	42	62	82	83	87	105	107	121	142	145	147	152	153	154	155	163	166	169	170	173	186	212	249	254	255	256	269	282	284	296	300	355	363	365	366	371	405	419	420	422	424	427	434	453	460	462	471	472	473	474	490	492	495	513	518	531	546	589	607	610	615	642	932	
49	50	70	71	83	84	121	152	162	217	288	431	432	433	612	
176	270	278	292	419	486	515	611	
54	55	57	126	131	132	208	271	286	481	532	552	698	738	949	
62	107	559	769	
230	481	898	
41	51	94	95	128	167	196	197	198	199	200	201	203	204	205	206	207	593	776	820	908	917	918	
144	145	166	186	212	254	433	434	492	518	546	615	
8	246	249	293	362	365	430	506	530	538	543	672	765	856	
3	15	137	174	175	532	665	685	
217	366	601	665	886	
68	69	80	81	105	142	184	187	188	189	287	299	418	473	480	508	509	533	549	550	551	582	663	667	671	679	710	747	
49	50	70	71	83	84	87	121	152	153	162	217	288	431	432	433	612	643	654	
161	362	421	451	452	487	488	496	529	558	569	922	
9	12	19	264	265	266	324	555	565	608	674	720	754	804	823	971	
42	105	144	145	147	153	186	212	249	254	255	284	355	422	434	453	471	472	492	513	610	615	642	932	
68	69	80	184	187	188	189	299	418	473	508	509	533	549	550	551	582	663	667	671	679	710	747	
544	585	600	706	
69	81	509	710	713	952	
367	577	757	980	
157	178	180	191	214	278	342	343	345	346	350	351	352	483	681	851	
65	275	401	425	789	835	870	874	
68	69	80	81	105	106	184	187	188	189	190	287	298	299	418	473	480	508	509	533	549	550	551	582	663	667	671	679	710	747	
218	282	301	366	596	597	
41	51	94	95	128	167	196	197	198	199	200	201	203	204	205	206	207	593	776	820	908	917	918	
86	290	484	494	563	572	694	706	822	936	
10	20	21	92	173	259	260	306	325	326	327	400	538	723	728	733	777	885	887	
86	134	340	482	521	535	553	554	598	766	777	
0	1	17	18	73	74	85	215	221	223	225	226	228	268	307	309	310	311	312	313	314	316	317	560	872	
62	77	78	79	497	531	539	581	811	
362	421	451	487	488	496	529	558	922	
14	130	149	180	214	231	277	278	280	284	289	342	351	621	692	
66	68	80	108	112	212	282	338	355	356	357	424	478	480	564	589	638	671	896	
65	130	133	168	172	257	275	276	291	399	403	425	426	440	450	457	458	526	542	543	544	568	
41	51	94	95	128	167	196	197	198	199	200	201	203	204	205	206	207	593	776	820	908	917	918	
122	149	176	177	178	231	262	344	352	656	
0	52	67	79	101	120	146	187	368	581	601	758	779	
173	306	326	538	723	733	777	825	923	
213	359	360	666	700	707	913	951	957	
214	229	259	287	298	299	473	536	549	551	601	
10	16	46	126	169	300	338	355	356	480	495	564	589	638	640	748	828	896	
122	148	149	156	231	262	344	347	349	402	656	814	907	
158	159	209	210	233	234	235	236	237	238	240	241	242	243	244	319	926	927	930	931	963	
95	230	435	920	942	
367	577	757	980	
13	23	24	25	26	27	28	29	30	31	32	33	34	35	36	37	38	39	40	151	165	261	339	409	438	545	588	590	
232	350	484	563	572	822	936	939	
20	21	72	92	106	163	259	311	524	
117	127	163	170	378	390	453	490	491	497	548	607	624	695	753	816	892	
178	180	214	342	343	345	346	350	351	352	483	575	681	851	
1	435	459	533	602	616	
113	232	280	330	464	483	531	556	727	
64	271	373	392	489	528	644	
16	82	142	154	420	424	654	669	783	
246	421	430	441	649	729	765	
156	414	415	645	697	
1	148	221	224	256	365	468	560	802	
222	227	253	315	495	519	537	695	
21	22	245	263	301	381	531	564	686	
64	73	223	248	317	330	556	860	
106	613	614	742	756	
332	523	706	813	836	
52	537	621	781	
325	958	962	
68	92	184	274	400	480	492	549	627	667	671	678	747	
52	262	344	347	814	
254	308	430	460	462	463	513	545	561	586	701	
51	79	85	120	146	147	601	695	758	
215	271	717	788	
52	53	61	155	189	465	519	615	667	786	
414	605	797	846	851	
118	173	254	282	301	420	427	428	511	546	597	624	651	810	932	950	
20	447	715	799	
156	414	415	645	697	
255	401	712	995	
